1	0.507444
2	0.521648
3	0.527933
4	0.543715
5	0.553198
6	0.557905
7	0.557905
8	0.56
9	0.568296
10	0.570182
11	0.575796
12	0.583966
13	0.584148
14	0.584148
15	0.588338
16	0.589846
17	0.589846
18	0.610866
19	0.610866
20	0.611564
21	0.615307
22	0.625615
23	0.628464
24	0.636522
25	0.647039
26	0.647053
27	0.659721
28	0.659763
29	0.659763
30	0.659763
31	0.667696
32	0.667696
33	0.667696
34	0.667696
35	0.667696
36	0.667696
37	0.667696
38	0.667696
39	0.667696
40	0.667696
41	0.667696
42	0.667696
43	0.667696
44	0.669804
45	0.669804
46	0.684008
47	0.684008
48	0.684008
49	0.684008
50	0.684008
51	0.684008
52	0.684008
53	0.684008
54	0.684008
55	0.684008
56	0.688659
57	0.688659
58	0.688659
59	0.699274
60	0.699372
61	0.699372
62	0.706397
63	0.706397
64	0.706397
65	0.706397
66	0.706397
67	0.706397
68	0.706397
69	0.706397
70	0.706397
71	0.706397
72	0.706397
73	0.706397
74	0.706397
75	0.706397
76	0.706397
77	0.706397
78	0.706397
79	0.706397
80	0.706397
81	0.706397
82	0.706397
83	0.706397
84	0.706397
85	0.706397
86	0.706397
87	0.706397
88	0.706397
89	0.706397
90	0.706397
91	0.706397
92	0.706397
93	0.711355
94	0.711355
95	0.711355
96	0.711355
97	0.711355
98	0.716508
99	0.716508
100	0.716508
101	0.716508
102	0.720517
103	0.720517
104	0.721229
105	0.722821
106	0.722821
107	0.722905
108	0.722905
109	0.722905
110	0.723603
111	0.724553
112	0.728743
113	0.728743
114	0.728743
115	0.728743
116	0.731983
117	0.731983
118	0.731983
119	0.731983
120	0.731983
121	0.731983
122	0.731983
123	0.747989
124	0.748366
125	0.748366
126	0.748366
127	0.748366
128	0.748366
129	0.748366
130	0.748366
131	0.748366
132	0.748366
133	0.748366
134	0.748366
135	0.748366
136	0.748366
137	0.748366
138	0.748366
139	0.748366
140	0.748366
141	0.748366
142	0.748366
143	0.748366
144	0.748869
145	0.748869
146	0.748869
147	0.748869
148	0.748869
149	0.748869
150	0.748869
151	0.748869
152	0.748869
153	0.748869
154	0.748869
155	0.748869
156	0.748869
157	0.748869
158	0.748869
159	0.748869
160	0.748869
161	0.748869
162	0.748869
163	0.748869
164	0.748869
165	0.748869
166	0.748869
167	0.748869
168	0.748869
169	0.748869
170	0.748869
171	0.748869
172	0.748869
173	0.748869
174	0.748869
175	0.748869
176	0.748869
177	0.748869
178	0.748869
179	0.748869
180	0.748869
181	0.748869
182	0.748869
183	0.749595
184	0.749595
185	0.749595
186	0.750559
187	0.750559
188	0.750559
189	0.750559
190	0.750559
191	0.750559
192	0.750559
193	0.750559
194	0.750559
195	0.750559
196	0.750559
197	0.750559
198	0.750559
199	0.750559
200	0.750559
201	0.750559
202	0.750559
203	0.750559
204	0.750559
205	0.750559
206	0.750559
207	0.750559
208	0.750559
209	0.750559
210	0.750559
211	0.750559
212	0.750559
213	0.750559
214	0.750559
215	0.750559
216	0.750559
217	0.750559
218	0.750559
219	0.750559
220	0.750559
221	0.750559
222	0.750559
223	0.750559
224	0.750559
225	0.750559
226	0.750559
227	0.750559
228	0.750559
229	0.750559
230	0.750559
231	0.750559
232	0.750559
233	0.750559
234	0.750559
235	0.750559
236	0.750559
237	0.750559
238	0.750559
239	0.750559
240	0.750559
241	0.750559
242	0.750559
243	0.750559
244	0.750559
245	0.750559
246	0.750559
247	0.750559
248	0.750559
249	0.750559
250	0.750559
251	0.750559
252	0.750559
253	0.750559
254	0.750559
255	0.750559
256	0.750559
257	0.750559
258	0.750559
259	0.750559
260	0.750559
261	0.750559
262	0.750559
263	0.750559
264	0.750559
265	0.750559
266	0.750559
267	0.750559
268	0.750559
269	0.750559
270	0.750559
271	0.750559
272	0.750796
273	0.750796
274	0.750796
275	0.750796
276	0.750796
277	0.750796
278	0.750796
279	0.750796
280	0.750796
281	0.750796
282	0.750796
283	0.750796
284	0.750796
285	0.750796
286	0.750796
287	0.750796
288	0.750796
289	0.750796
290	0.750796
291	0.753701
292	0.753701
293	0.757025
294	0.757263
295	0.757263
296	0.757263
297	0.757263
298	0.757263
299	0.757263
300	0.757263
301	0.757737
302	0.757975
303	0.757975
304	0.757975
305	0.757975
306	0.759162
307	0.759162
308	0.769204
309	0.769204
310	0.769204
311	0.769204
312	0.769204
313	0.769204
314	0.769204
315	0.769204
316	0.769204
317	0.769204
318	0.769204
319	0.769204
320	0.769204
321	0.769204
322	0.769204
323	0.769665
324	0.769665
325	0.769665
326	0.769665
327	0.769665
328	0.769665
329	0.769665
330	0.769665
331	0.769665
332	0.769665
333	0.769665
334	0.769665
335	0.769665
336	0.769665
337	0.769665
338	0.769665
339	0.769665
340	0.769665
341	0.769665
342	0.769665
343	0.769665
344	0.769665
345	0.769665
346	0.769665
347	0.769665
348	0.769665
349	0.769665
350	0.769665
351	0.769665
352	0.769665
353	0.769665
354	0.769665
355	0.769665
356	0.769665
357	0.769665
358	0.769665
359	0.769665
360	0.769665
361	0.769665
362	0.769665
363	0.769665
364	0.769665
365	0.769665
366	0.769665
367	0.769665
368	0.769665
369	0.769665
370	0.769665
371	0.769665
372	0.769665
373	0.769665
374	0.769665
375	0.769665
376	0.769665
377	0.769665
378	0.769665
379	0.769665
380	0.769665
381	0.769665
382	0.769665
383	0.769665
384	0.769665
385	0.769665
386	0.769665
387	0.769665
388	0.769665
389	0.769665
390	0.769665
391	0.769665
392	0.769665
393	0.769665
394	0.769665
395	0.769665
396	0.769665
397	0.769665
398	0.769665
399	0.77162
400	0.77162
401	0.771858
402	0.771858
403	0.771858
404	0.771858
405	0.772095
406	0.772095
407	0.772095
408	0.777137
409	0.777137
410	0.780251
411	0.795391
412	0.795391
413	0.795391
414	0.798478
415	0.798478
416	0.798478
417	0.798478
418	0.798478
419	0.798478
420	0.798478
421	0.798478
422	0.798897
423	0.798897
424	0.798897
425	0.799134
426	0.799134
427	0.799134
428	0.799134
429	0.799134
430	0.799134
431	0.799134
432	0.799134
433	0.799134
434	0.799134
435	0.799134
436	0.799134
437	0.799134
438	0.799134
439	0.799134
440	0.801508
441	0.801508
442	0.801508
443	0.801508
444	0.801508
445	0.801508
446	0.801508
447	0.801508
448	0.801508
449	0.801508
450	0.801508
451	0.801508
452	0.801508
453	0.801508
454	0.801508
455	0.801508
456	0.801508
457	0.801508
458	0.801508
459	0.801508
460	0.801508
461	0.801508
462	0.801508
463	0.801508
464	0.801508
465	0.801508
466	0.801508
467	0.801508
468	0.801508
469	0.801508
470	0.801508
471	0.801508
472	0.801508
473	0.801508
474	0.801508
475	0.801508
476	0.801508
477	0.801508
478	0.801508
479	0.801508
480	0.801508
481	0.801508
482	0.801508
483	0.801508
484	0.801508
485	0.801508
486	0.801508
487	0.801508
488	0.801508
489	0.801508
490	0.801508
491	0.801508
492	0.801508
493	0.801508
494	0.801508
495	0.801508
496	0.801508
497	0.801508
498	0.801508
499	0.801508
500	0.801508
501	0.801508
502	0.801508
503	0.801508
504	0.801508
505	0.801508
506	0.801508
507	0.801508
508	0.801508
509	0.801508
510	0.801508
511	0.801508
512	0.801508
513	0.801508
514	0.801508
515	0.801508
516	0.801508
517	0.801508
518	0.801508
519	0.801508
520	0.801508
521	0.801508
522	0.801508
523	0.801508
524	0.801508
525	0.801508
526	0.801508
527	0.801508
528	0.801508
529	0.801508
530	0.801508
531	0.801508
532	0.801508
533	0.801508
534	0.801508
535	0.801508
536	0.801508
537	0.801508
538	0.801508
539	0.801508
540	0.801508
541	0.80412
542	0.80412
543	0.80412
544	0.80412
545	0.80412
546	0.80412
547	0.80412
548	0.80412
549	0.80412
550	0.80412
551	0.80412
552	0.80412
553	0.80412
554	0.80412
555	0.80412
556	0.80412
557	0.80412
558	0.80412
559	0.80412
560	0.80412
561	0.80412
562	0.80412
563	0.80412
564	0.80412
565	0.80412
566	0.80412
567	0.80412
568	0.80412
569	0.80412
570	0.80412
571	0.80412
572	0.80412
573	0.80412
574	0.80412
575	0.80412
576	0.80412
577	0.80412
578	0.80412
579	0.80412
580	0.80412
581	0.80412
582	0.80412
583	0.80412
584	0.80412
585	0.805321
586	0.805321
587	0.805321
588	0.805321
589	0.805321
590	0.805321
591	0.805321
592	0.805321
593	0.805321
594	0.805321
595	0.805321
596	0.805321
597	0.805321
598	0.805321
599	0.805321
600	0.805321
601	0.805321
602	0.805321
603	0.805321
604	0.805321
605	0.805321
606	0.805321
607	0.805321
608	0.805321
609	0.805321
610	0.805321
611	0.805321
612	0.805321
613	0.805321
614	0.816369
615	0.816369
616	0.816369
617	0.816369
618	0.816369
619	0.816369
620	0.816369
621	0.816369
622	0.816369
623	0.816369
624	0.816369
625	0.816369
626	0.816369
627	0.816369
628	0.816369
629	0.816369
630	0.816369
631	0.816369
632	0.816369
633	0.816369
634	0.816369
635	0.816369
636	0.816369
637	0.816369
638	0.816369
639	0.816369
640	0.816369
641	0.816369
642	0.816369
643	0.816369
644	0.816369
645	0.816369
646	0.816369
647	0.816369
648	0.816369
649	0.816369
650	0.816369
651	0.816369
652	0.816369
653	0.816369
654	0.816369
655	0.816369
656	0.816369
657	0.816369
658	0.816369
659	0.816369
660	0.816369
661	0.816369
662	0.817011
663	0.817011
664	0.817011
665	0.817011
666	0.817011
667	0.817011
668	0.817011
669	0.817011
670	0.817011
671	0.817011
672	0.817011
673	0.817011
674	0.817011
675	0.817011
676	0.817011
677	0.817011
678	0.817011
679	0.817011
680	0.817011
681	0.817011
682	0.817011
683	0.817011
684	0.817011
685	0.817011
686	0.817011
687	0.817011
688	0.817011
689	0.817011
690	0.817011
691	0.817011
692	0.817011
693	0.817011
694	0.817011
695	0.817011
696	0.817011
697	0.817011
698	0.817011
699	0.817011
700	0.817011
701	0.817011
702	0.817011
703	0.817011
704	0.817011
705	0.817011
706	0.817011
707	0.817011
708	0.817011
709	0.817011
710	0.817011
711	0.817011
712	0.817011
713	0.817011
714	0.817011
715	0.817011
716	0.817011
717	0.817011
718	0.817011
719	0.817011
720	0.817011
721	0.817011
722	0.817011
723	0.817011
724	0.817011
725	0.817011
726	0.817011
727	0.817011
728	0.817011
729	0.817011
730	0.817011
731	0.817011
732	0.817011
733	0.817011
734	0.817011
735	0.817011
736	0.817011
737	0.817011
738	0.817011
739	0.817011
740	0.817011
741	0.817011
742	0.817011
743	0.817011
744	0.817011
745	0.817011
746	0.817011
747	0.817011
748	0.817011
749	0.817011
750	0.817011
751	0.817011
752	0.817011
753	0.817011
754	0.817011
755	0.817011
756	0.817011
757	0.817011
758	0.817011
759	0.817011
760	0.817011
761	0.817011
762	0.817011
763	0.817011
764	0.817011
765	0.817011
766	0.817011
767	0.818198
768	0.818198
769	0.818198
770	0.818198
771	0.818198
772	0.818198
773	0.818198
774	0.818198
775	0.818198
776	0.818198
777	0.818198
778	0.818198
779	0.818198
780	0.818198
781	0.818198
782	0.818198
783	0.818198
784	0.818198
785	0.818198
786	0.818198
787	0.818198
788	0.818198
789	0.818198
790	0.818198
791	0.818198
792	0.818198
793	0.818198
794	0.818198
795	0.818198
796	0.818198
797	0.818198
798	0.818198
799	0.818198
800	0.818198
801	0.818198
802	0.818198
803	0.818198
804	0.818198
805	0.818198
806	0.818198
807	0.818198
808	0.818198
809	0.818198
810	0.818198
811	0.818198
812	0.818198
813	0.818198
814	0.818198
815	0.818198
816	0.818198
817	0.818198
818	0.818198
819	0.818198
820	0.818198
821	0.818198
822	0.818198
823	0.818198
824	0.818198
825	0.818198
826	0.818198
827	0.818198
828	0.818198
829	0.818198
830	0.818198
831	0.818198
832	0.818198
833	0.818198
834	0.818198
835	0.818198
836	0.818198
837	0.818198
838	0.818198
839	0.818198
840	0.818198
841	0.818198
842	0.818198
843	0.818198
844	0.818198
845	0.818198
846	0.818198
847	0.818198
848	0.818198
849	0.818198
850	0.818198
851	0.818198
852	0.818198
853	0.818198
854	0.818198
855	0.818198
856	0.818198
857	0.818198
858	0.818198
859	0.818198
860	0.818198
861	0.818198
862	0.818198
863	0.818198
864	0.818198
865	0.818198
866	0.818198
867	0.818198
868	0.818198
869	0.818198
870	0.818198
871	0.818198
872	0.818198
873	0.818198
874	0.818198
875	0.818198
876	0.818198
877	0.818198
878	0.818198
879	0.818198
880	0.818198
881	0.818198
882	0.818198
883	0.818198
884	0.818198
885	0.818198
886	0.818198
887	0.818198
888	0.818198
889	0.818198
890	0.818198
891	0.818198
892	0.818198
893	0.818198
894	0.818198
895	0.818198
896	0.818198
897	0.818198
898	0.818198
899	0.818198
900	0.818198
901	0.818198
902	0.818198
903	0.818198
904	0.818198
905	0.818198
906	0.818198
907	0.818198
908	0.818198
909	0.818198
910	0.818198
911	0.818198
912	0.818198
913	0.818198
914	0.818198
915	0.818198
916	0.818198
917	0.818198
918	0.818198
919	0.818198
920	0.818198
921	0.818198
922	0.818198
923	0.818198
924	0.818198
925	0.818198
926	0.818198
927	0.818198
928	0.818198
929	0.818198
930	0.818198
931	0.818198
932	0.818198
933	0.818198
934	0.818198
935	0.818198
936	0.818198
937	0.818198
938	0.818198
939	0.818198
940	0.818198
941	0.818198
942	0.818198
943	0.818198
944	0.818198
945	0.818198
946	0.818198
947	0.818198
948	0.818198
949	0.818198
950	0.819413
951	0.819413
952	0.819413
953	0.819413
954	0.819413
955	0.819413
956	0.819413
957	0.819413
958	0.819413
959	0.819413
960	0.819413
961	0.819413
962	0.819413
963	0.819413
964	0.819413
965	0.819413
966	0.819413
967	0.819413
968	0.819413
969	0.819413
970	0.819413
971	0.819413
972	0.819413
973	0.819413
974	0.819413
975	0.819413
976	0.819413
977	0.819413
978	0.819413
979	0.819413
980	0.819413
981	0.819413
982	0.819413
983	0.819413
984	0.819413
985	0.819413
986	0.819413
987	0.819413
988	0.819413
989	0.819413
990	0.819413
991	0.819413
992	0.819413
993	0.819413
994	0.819413
995	0.819413
996	0.819413
997	0.819413
998	0.819413
999	0.819413
1000	0.819413
1001	0.819413
1002	0.819413
1003	0.819413
1004	0.819413
1005	0.819413
1006	0.819413
1007	0.819413
1008	0.819413
1009	0.819413
1010	0.819413
1011	0.819413
1012	0.819413
1013	0.819413
1014	0.819413
1015	0.819413
1016	0.819413
1017	0.819413
1018	0.819413
1019	0.819413
1020	0.819413
1021	0.819413
1022	0.819413
1023	0.819413
1024	0.819413
1025	0.819413
1026	0.819413
1027	0.819413
1028	0.819413
1029	0.819413
1030	0.819413
1031	0.819413
1032	0.819413
1033	0.819413
1034	0.819413
1035	0.819413
1036	0.819413
1037	0.819413
1038	0.819413
1039	0.819413
1040	0.819413
1041	0.819413
1042	0.819413
1043	0.819413
1044	0.819413
1045	0.819413
1046	0.819413
1047	0.819413
1048	0.819413
1049	0.819413
1050	0.819413
1051	0.819413
1052	0.819413
1053	0.819413
1054	0.819413
1055	0.819413
1056	0.819413
1057	0.819413
1058	0.819413
1059	0.819413
1060	0.819413
1061	0.819413
1062	0.819413
1063	0.819413
1064	0.819413
1065	0.819413
1066	0.819413
1067	0.819413
1068	0.819413
1069	0.819413
1070	0.819413
1071	0.819413
1072	0.819413
1073	0.819413
1074	0.819413
1075	0.819413
1076	0.819413
1077	0.819413
1078	0.819413
1079	0.819413
1080	0.819413
1081	0.819413
1082	0.819413
1083	0.819413
1084	0.819413
1085	0.819413
1086	0.819413
1087	0.819413
1088	0.819413
1089	0.819413
1090	0.819413
1091	0.819413
1092	0.819413
1093	0.819413
1094	0.819413
1095	0.819413
1096	0.819413
1097	0.819413
1098	0.819413
1099	0.819413
1100	0.819413
1101	0.819413
1102	0.819413
1103	0.819413
1104	0.819413
1105	0.819413
1106	0.819413
1107	0.819413
1108	0.819413
1109	0.819413
1110	0.819413
1111	0.819413
1112	0.819413
1113	0.819413
1114	0.819413
1115	0.819413
1116	0.819413
1117	0.819413
1118	0.819413
1119	0.819413
1120	0.819413
1121	0.819413
1122	0.819413
1123	0.819413
1124	0.819413
1125	0.819413
1126	0.819413
1127	0.819413
1128	0.819413
1129	0.819413
1130	0.819413
1131	0.819413
1132	0.819413
1133	0.819413
1134	0.819413
1135	0.819413
1136	0.819413
1137	0.819413
1138	0.819413
1139	0.819413
1140	0.819413
1141	0.819413
1142	0.819413
1143	0.819413
1144	0.819413
1145	0.819413
1146	0.819413
1147	0.819413
1148	0.819413
1149	0.819413
1150	0.819413
1151	0.819413
1152	0.819413
1153	0.819413
1154	0.819413
1155	0.819413
1156	0.819413
1157	0.819413
1158	0.819413
1159	0.819413
1160	0.819413
1161	0.819413
1162	0.819413
1163	0.819413
1164	0.819413
1165	0.819413
1166	0.819413
1167	0.819413
1168	0.819413
1169	0.819413
1170	0.819413
1171	0.819413
1172	0.819413
1173	0.819413
1174	0.819413
1175	0.819413
1176	0.819413
1177	0.819413
1178	0.819413
1179	0.819413
1180	0.819413
1181	0.819413
1182	0.819413
1183	0.819413
1184	0.819413
1185	0.819413
1186	0.819413
1187	0.819413
1188	0.819413
1189	0.819413
1190	0.819413
1191	0.819413
1192	0.819413
1193	0.819413
1194	0.819413
1195	0.819413
1196	0.819413
1197	0.819413
1198	0.819413
1199	0.819413
1200	0.819413
1201	0.819413
1202	0.819413
1203	0.819413
1204	0.819413
1205	0.819413
1206	0.819413
1207	0.819413
1208	0.819413
1209	0.819413
1210	0.819413
1211	0.819413
1212	0.819413
1213	0.819413
1214	0.819413
1215	0.819413
1216	0.819413
1217	0.819413
1218	0.819413
1219	0.819413
1220	0.819413
1221	0.819413
1222	0.819413
1223	0.819413
1224	0.819413
1225	0.819413
1226	0.819413
1227	0.819413
1228	0.819413
1229	0.819413
1230	0.819413
1231	0.819413
1232	0.819413
1233	0.819413
1234	0.819413
1235	0.819413
1236	0.819413
1237	0.819413
1238	0.819413
1239	0.819413
1240	0.819413
1241	0.819413
1242	0.819413
1243	0.819413
1244	0.819413
1245	0.819413
1246	0.819413
1247	0.819413
1248	0.819413
1249	0.819413
1250	0.819413
1251	0.819413
1252	0.819413
1253	0.819413
1254	0.819413
1255	0.819413
1256	0.819413
1257	0.819413
1258	0.819413
1259	0.819413
1260	0.819413
1261	0.819413
1262	0.819413
1263	0.819413
1264	0.819413
1265	0.828561
1266	0.828561
1267	0.828561
1268	0.828561
1269	0.828561
1270	0.828561
1271	0.828561
1272	0.828561
1273	0.828561
1274	0.828561
1275	0.828561
1276	0.828561
1277	0.828561
1278	0.828561
1279	0.828561
1280	0.828561
1281	0.828561
1282	0.828561
1283	0.828561
1284	0.828561
1285	0.828561
1286	0.828561
1287	0.828561
1288	0.828561
1289	0.828561
1290	0.828561
1291	0.828561
1292	0.828561
1293	0.828561
1294	0.828561
1295	0.828561
1296	0.828561
1297	0.828561
1298	0.828561
1299	0.828561
1300	0.828561
