10000
0.924022
1	1	1	1	1	10110101111100	00000000000000	11010000101101	0	0
1	2	2	1	2	01010100101011	00000110000111	00010101110010	0	1
1	3	2	1	3	11101001000001	01011010010111	11101000111101	0	0
1	4	2	1	4	11010000010111	10111111111011	01001111110111	0	0
1	5	3	2	1	00000110100101	00110001001011	00010001100110	0	0
1	6	2	2	2	00001110010101	01110110011100	11100100110110	0	1
1	7	2	2	3	01000010000111	00010011100000	00011110010110	0	0
1	8	1	2	4	01000110011111	10000000000000	11000110110001	0	0
1	9	2	3	1	10000000101100	01111001010101	01011001101000	0	0
1	10	1	3	2	01000101100111	01000000000000	00100001100001	0	0
1	11	2	3	3	10010000001000	01000101110010	01100100111100	0	0
1	12	2	3	4	01000110011110	11100110010100	11010010101111	0	0
1	13	1	4	1	00111101101011	11000000000000	01001111011111	0	0
1	14	3	4	2	11010100111101	01011101011001	11000101011001	0	0
1	15	3	4	3	11000100101001	10100100001111	10101010001001	0	0
1	16	2	4	4	01101101011111	11111000011101	11110101101010	0	1
1	17	2	5	1	01001000110001	11011101100101	01000101110111	0	1
1	18	2	5	2	00111001011011	00100110111011	11000010011101	0	0
1	19	2	5	3	10000100011100	10110011111011	01011111111100	0	0
1	20	3	5	4	00000010101111	10101011011001	10111111100011	0	0
2	1	2	1	1	11100100100110	10001101111100	10010000111000	0	0
2	2	2	1	2	11110101000000	01101111010001	11000001101011	0	0
2	3	3	1	3	10010001000000	11100001001010	00101001111101	0	0
2	4	2	1	4	10011010110101	10100111000110	11010010110001	0	0
2	5	2	2	1	11110010111100	11110010110101	10000110011110	0	0
2	6	2	2	2	11111011110011	10010110011011	00010000011101	0	0
2	7	1	2	3	10101000001101	00000000000000	10011100110101	0	0
2	8	2	2	4	00010000011011	11111010000001	00000011010110	0	0
2	9	2	3	1	01011000100001	10000111011001	11110010000100	0	0
2	10	2	3	2	11011001011011	01001101010011	01001111001110	0	1
2	11	2	3	3	01001011101011	11110001001000	10010000100110	0	0
2	12	2	3	4	00100011100110	10010001101011	11010001110100	0	0
2	13	2	4	1	11101110101000	11110010011000	01011011011001	0	0
2	14	1	4	2	01101100001111	10000000000000	01001110111110	0	1
2	15	3	4	3	01101111010011	10011101001001	10011110000000	0	0
2	16	2	4	4	01101010101010	01100110111001	01100010101010	0	1
2	17	1	5	1	11011111000100	01000000000000	01000011110100	0	0
2	18	1	5	2	10010001100011	11000000000000	11001000011000	0	0
2	19	3	5	3	11110010000000	11011111011111	10011000110001	0	0
2	20	3	5	4	11010000001110	00010100001001	11011000110000	0	1
3	1	3	1	1	01011011001001	10111010101011	00011100101001	0	1
3	2	1	1	2	11101000011111	00000000000000	01011111111001	0	0
3	3	1	1	3	10000000110101	10000000000000	00110011011000	0	1
3	4	2	1	4	00101011100101	01010010000001	01100010011000	0	0
3	5	2	2	1	10001001001000	00100000011001	11000001011010	0	0
3	6	3	2	2	10100100011100	01000100100011	11011010001000	0	0
3	7	2	2	3	10011011000101	10000100001110	10001101011100	0	0
3	8	1	2	4	10111101111010	01000000000000	11001110111011	0	0
3	9	2	3	1	01011110011010	11100000010110	11101110101110	0	0
3	10	2	3	2	00010111100010	00111001110011	11000110011111	0	0
3	11	1	3	3	01010100001101	11000000000000	10110000001001	0	0
3	12	3	3	4	11110000010111	11011001100010	00110100110101	0	0
3	13	2	4	1	00100011100100	10010100000101	10101010101011	0	0
3	14	3	4	2	11111010101000	11001100011000	01110110000100	0	0
3	15	2	4	3	10011010111101	11000110000001	00011111101110	0	1
3	16	2	4	4	01100110101001	01000101010101	01010011000010	0	0
3	17	2	5	1	01111110001100	11111111010100	10111110000000	0	0
3	18	2	5	2	01001110101010	00100100000010	01010001000010	0	0
3	19	2	5	3	01011011110011	01110100000011	11110110111100	0	0
3	20	2	5	4	01000000101010	11011101100111	00010010101000	0	1
4	1	2	1	1	10000100111100	10011010111110	00010011010010	0	0
4	2	1	1	2	10001000101001	00000000000000	11111010000000	0	0
4	3	1	1	3	10100011010110	10000000000000	01111001101111	0	0
4	4	2	1	4	10101001011011	00010110000001	00100101111011	0	0
4	5	2	2	1	00110010001011	10101101010101	11011100110010	0	0
4	6	1	2	2	00001011001111	01000000000000	01010101100001	0	0
4	7	2	2	3	10111010110110	00010010011010	11011101000111	0	0
4	8	1	2	4	10101000001101	11000000000000	11110111100010	0	1
4	9	2	3	1	11010111110101	00010110110000	01111111011101	0	0
4	10	3	3	2	01100101111010	11000001100100	11010000011110	0	0
4	11	2	3	3	10111011111111	11011110110000	11001100110001	0	0
4	12	3	3	4	01111010100100	01011101001001	01110100111000	0	0
4	13	2	4	1	11010011110110	11000010100101	10100001101101	0	0
4	14	2	4	2	11010001111000	01111001001000	01000001010111	0	0
4	15	3	4	3	11010000001100	01100010111001	00001010001101	0	1
4	16	2	4	4	10110101110010	11000110110110	10010011000111	0	1
4	17	2	5	1	11110111000001	10011101111110	00010100100011	0	0
4	18	2	5	2	10100000000001	01100110111100	01101011100001	0	1
4	19	2	5	3	10100111001010	11111001101011	00001100000001	0	0
4	20	3	5	4	01010100010110	00110111111010	00010010001101	0	0
5	1	1	1	1	10111011100000	00000000000000	11100010001111	0	0
5	2	3	1	2	01000011110000	10000111100000	10101000010010	0	0
5	3	2	1	3	00111111011010	11110010011111	10011010101010	0	0
5	4	2	1	4	00011110100110	11111110000111	11010001100110	0	0
5	5	2	2	1	10011000000110	00010011001001	11111100010010	0	0
5	6	1	2	2	10000111011001	10000000000000	10000011100100	0	0
5	7	2	2	3	11100000010111	11100111000010	11110100111101	0	0
5	8	3	2	4	11100111110111	01110110001100	10001001010100	0	1
5	9	2	3	1	10101011011010	11101111101010	11101011111101	0	1
5	10	2	3	2	11111101100111	00101001010001	10100001101100	0	0
5	11	2	3	3	10010000100111	01100100111010	01100000110101	0	1
5	12	2	3	4	00001011010110	11001011100111	00110100110001	0	0
5	13	1	4	1	00001001101010	01000000000000	10111110111110	0	0
5	14	3	4	2	11011001011011	01101110000100	01010110110111	0	1
5	15	2	4	3	11101011001001	10111111110111	00011001100110	0	0
5	16	3	4	4	01100101111000	01010011110011	00100001010000	0	0
5	17	2	5	1	01000111110010	11111010000000	01011011110101	0	0
5	18	1	5	2	11100101100000	11000000000000	11000110010000	0	0
5	19	2	5	3	10011001000010	10011011001001	11001000010010	0	0
5	20	2	5	4	11100111010010	10100011111011	11111100110101	0	0
6	1	3	1	1	00010110011010	00000000010100	10110101000100	0	0
6	2	3	1	2	11101111110100	00101001101000	00001010001111	0	0
6	3	1	1	3	01110110100010	00100101000101	11101000010001	0	0
6	4	2	1	4	11110110000111	00001001000110	11001010101111	0	0
6	5	2	2	1	01000011111111	10010101101101	11111100101100	0	0
6	6	1	2	2	10100100010100	10111100001110	11010010010011	0	0
6	7	2	2	3	00011110011000	11111000001000	10000101001101	0	0
6	8	2	2	4	10101100101110	11110010010011	10110000100110	0	0
6	9	2	3	1	00001100000000	11100111001101	10011111010001	0	1
6	10	2	3	2	00011111101110	11100111110000	11111000100101	0	0
6	11	2	3	3	01011010110100	00101110010111	10110010000000	0	0
6	12	3	3	4	10010010011110	01011010110011	11111011101010	0	1
6	13	2	4	1	10100101011001	01110011000001	00001000010001	0	1
6	14	3	4	2	10011010010111	11010111100000	10101010000111	0	0
6	15	1	4	3	01101110111101	01011000111101	10010010110110	0	0
6	16	2	4	4	11100111100011	01101101101010	10011110011110	0	0
6	17	1	5	1	11010111010111	00110011001101	01110110110011	0	1
6	18	2	5	2	01010001110011	11000000011111	11011100101011	0	0
6	19	2	5	3	10001101101111	01000010110000	01101000011111	0	0
6	20	2	5	4	01010010101000	10101010110101	10101110111001	0	0
7	1	3	1	1	10111000001010	00111100011101	01000101010100	0	0
7	2	2	1	2	11000101001011	10000100100011	01000110010110	0	0
7	3	2	1	3	10110100111000	11011011001101	11110000000111	0	0
7	4	3	1	4	11111000011010	11100110100100	10011001111110	0	0
7	5	3	2	1	01000100011100	11010010001100	11110000010010	0	0
7	6	2	2	2	11000011110100	10000010110101	10110110000010	0	0
7	7	1	2	3	01001100010011	00101010000010	10101110011010	0	0
7	8	3	2	4	11010110010010	11100000111000	01101101000011	0	0
7	9	2	3	1	00011001101000	10011110011100	10011001010001	0	0
7	10	1	3	2	10010001101000	11111001101010	00010010111110	0	0
7	11	2	3	3	10100011010001	11111010001001	10111110000001	0	0
7	12	2	3	4	00010000001111	10111011100011	01000110100010	0	0
7	13	2	4	1	11011011010011	01000110011010	10001011101100	0	1
7	14	2	4	2	10101010100101	01101101110101	10010000111110	0	0
7	15	2	4	3	00111001110111	10000001011000	11110111110010	0	1
7	16	2	4	4	01010000000100	01010011011001	00110101101101	0	1
7	17	2	5	1	00000100011101	10010101001110	00111001110011	0	0
7	18	1	5	2	11000110001001	11110011010001	00100000110010	0	1
7	19	2	5	3	11101011001001	01001000010101	01101010001110	0	0
7	20	1	5	4	00111110100001	10011010101011	01100010101111	0	0
8	1	2	1	1	11011001111111	00000111010101	00101001001101	0	0
8	2	1	1	2	01001111011001	10010100100010	11010000100100	0	0
8	3	3	1	3	01000011110000	11000011000101	00000001110110	0	0
8	4	2	1	4	00000001010011	11111111011111	01100111011001	0	0
8	5	1	2	1	00011111001001	01101101000111	11001100001110	0	1
8	6	2	2	2	11000110100110	10111110001011	10100100000011	0	0
8	7	2	2	3	01000000001000	00001001111000	00010010000010	0	0
8	8	2	2	4	11011101110011	00111101101010	01011101010010	0	0
8	9	2	3	1	00110110111100	01000010000110	10000111100000	0	0
8	10	3	3	2	10101001110110	00111111111000	11101111111111	0	0
8	11	2	3	3	01110010101100	00100111110001	10011010001010	0	0
8	12	2	3	4	01000010001010	11011011001011	01010000100000	0	0
8	13	3	4	1	11111001010100	10110000100010	01000011001111	0	0
8	14	2	4	2	00010001010000	01010011010100	01111111011001	0	1
8	15	3	4	3	00101101010011	11010010110111	10010010010110	0	1
8	16	2	4	4	00111001110001	10101011000010	10010001101001	0	0
8	17	1	5	1	01101111101010	01010110111101	01011100101110	0	0
8	18	2	5	2	11000010000110	11001010111110	01111011110110	0	1
8	19	1	5	3	10100111111010	10010011110010	11100000110000	0	0
8	20	2	5	4	11010100000101	01000010111000	01001101101011	0	0
9	1	1	1	1	10110111000011	01110001001011	11101010101011	0	0
9	2	1	1	2	00000111110110	00111011010101	00011011101100	0	0
9	3	3	1	3	11000001111000	00101111100100	00000111110100	0	1
9	4	2	1	4	00000000000110	01001001011100	10011101101011	0	0
9	5	3	2	1	01110011101001	10110000111001	11011110010101	0	0
9	6	2	2	2	00000001100001	10101100100101	10001010011100	0	0
9	7	2	2	3	10000011101001	00000001000000	10010101010110	0	1
9	8	2	2	4	11001111001111	11001101100001	00101000001010	0	0
9	9	1	3	1	00010101101111	00000100010000	01111001010110	0	0
9	10	2	3	2	00100110100100	11100110101000	10000110011011	0	0
9	11	3	3	3	00110001001101	10010111101101	00011000011111	0	1
9	12	1	3	4	10001010100100	01111111100101	01100100000101	0	0
9	13	2	4	1	01111110111111	01100101101011	00110100101001	0	0
9	14	2	4	2	01011101011100	10010110110101	11011110010111	0	0
9	15	2	4	3	10010110010101	11101001100101	11000111101010	0	0
9	16	2	4	4	10000111100000	10011011001110	01010011010011	0	0
9	17	2	5	1	11000110001111	01111000100101	11110111111101	0	0
9	18	3	5	2	11001100011011	00000011101101	10100000000010	0	0
9	19	2	5	3	00110011101011	11111000101001	10111001110010	0	0
9	20	2	5	4	01000010000011	10011101000100	01100110010101	0	1
10	1	2	1	1	01101011011011	01111000001100	00000000011001	0	0
10	2	2	1	2	11001001111000	11110100001000	10101010100111	0	0
10	3	2	1	3	00110011100001	01111011100010	01110111000111	0	0
10	4	2	1	4	00101011110110	11100111100100	00110000001101	0	0
10	5	2	2	1	11100111010101	01111111100001	00111100000101	0	1
10	6	2	2	2	10001100010100	00011010101111	10110111000111	0	0
10	7	1	2	3	01111001110110	00111110101010	11110000110100	0	1
10	8	2	2	4	01111100100011	11100010101110	11010101110111	0	0
10	9	3	3	1	00001110100010	00110111110100	10000001000000	0	0
10	10	2	3	2	00101110001010	10000011111100	01001000100101	0	0
10	11	3	3	3	00100110000001	00000010101000	10110101111101	0	0
10	12	2	3	4	01100110001010	10001111001110	01001000000100	0	0
10	13	1	4	1	01011010101001	11010111000001	10000011000011	0	0
10	14	3	4	2	00010100110111	01001011011100	10001110110110	0	0
10	15	1	4	3	01100011010010	10011011101011	01010011001111	0	1
10	16	2	4	4	01000101011001	00000110101101	10001110111111	0	0
10	17	3	5	1	10001100010101	01000011110111	11100011101001	0	0
10	18	2	5	2	10100101110011	00001110100111	10111111010001	0	0
10	19	1	5	3	11101010100001	00100011111101	00000100101010	0	0
10	20	2	5	4	11010111101110	00010011111100	00010110101011	0	1
11	1	2	1	1	00010101110100	00000111011010	00111001010111	0	0
11	2	1	1	2	11111111111001	01001001111000	01000110011010	0	1
11	3	2	1	3	11001001111001	00001111110011	11001100100000	0	0
11	4	2	1	4	11100110000001	11110010111110	10000010110000	0	1
11	5	2	2	1	01110101000001	00000000001101	10100100111000	0	0
11	6	2	2	2	00011100000111	10111111000101	10001100110100	0	0
11	7	1	2	3	00011010010011	10011001100001	10111000110101	0	0
11	8	2	2	4	10101111111000	00110100001000	01101101001011	0	0
11	9	2	3	1	01111001110100	01101001100110	10110110010001	0	0
11	10	3	3	2	10001001000001	11010011101000	10100001101001	0	0
11	11	2	3	3	01000011010101	00001101101111	01010001111111	0	1
11	12	2	3	4	11110011000101	11110111101000	01000110100011	0	0
11	13	3	4	1	00111110101100	01011000100010	01010011110100	0	0
11	14	1	4	2	11001101010111	00111011111000	11010011111110	0	0
11	15	2	4	3	10101000001111	11101011000010	11000010001101	0	0
11	16	2	4	4	11000011111010	10100110101011	00110010011111	0	0
11	17	2	5	1	11001111101110	10101110111010	01101100100011	0	1
11	18	3	5	2	10111010001110	10100011000010	01010100111110	0	0
11	19	3	5	3	10101101100010	10101001001001	11001111001010	0	0
11	20	1	5	4	01111001000011	11000010110110	11000001011110	0	0
12	1	2	1	1	10001100101110	11001100100011	11101100011100	0	1
12	2	3	1	2	10010110010010	11010100111001	01100010100010	0	1
12	3	2	1	3	00110110011001	11000001000111	10011011100011	0	0
12	4	2	1	4	11110111111010	00001110001100	10010000111100	0	0
12	5	3	1	5	00110100001110	11101100101001	01111111110100	0	0
12	6	2	2	1	10010100011110	11010010000101	10101101010011	1	0
12	7	1	2	2	01010001000001	01011110110110	10111100110110	0	0
12	8	3	2	3	11010011001001	11011101010100	01100000100011	0	1
12	9	2	2	4	11000110111010	00010111111111	01011010111101	0	1
12	10	2	2	5	00110010010100	01011100100000	00001011111010	0	1
12	11	2	3	1	10100110000001	11000000111100	01010000001011	1	1
12	12	2	3	2	11101000100001	00011100111001	11110100000101	0	0
12	13	2	3	3	00010111100111	01000011111001	00011000011000	0	0
12	14	2	3	4	11010011110001	11100101011111	10110100111101	1	0
12	15	2	3	5	00100100110111	10001101111111	10000101100111	0	0
12	16	1	4	1	01001001000100	10111111001101	01101111011110	0	0
12	17	1	4	2	10100011111110	00110001011100	01001000000101	0	0
12	18	2	4	3	11101001101100	11100101110000	10000001110010	0	1
12	19	2	4	4	00001100001101	11001101001010	11010000110000	0	0
12	20	2	4	5	00001011001011	11101111111110	10111011101111	0	0
12	21	3	5	1	00110100001000	11011011111110	10101011010011	0	0
12	22	2	5	2	00101000101000	10100100101111	11011000110011	1	0
12	23	2	5	3	00010111010111	00100111011011	11001111010011	1	0
12	24	1	5	4	10001001101110	01010011001110	11010101000001	0	1
12	25	2	5	5	00000011000100	01111010101111	00100101010101	0	0
13	1	2	1	1	01000111001110	11001000110110	01000110000000	1	0
13	2	1	1	2	11101011110111	00100000111001	11011011110111	0	1
13	3	2	1	3	00100011100110	00010001001011	11001111110010	0	1
13	4	2	1	4	10101011111110	11011000110010	00001110011110	0	1
13	5	2	1	5	00100101010000	10111111101100	00011111100000	1	1
13	6	2	2	1	01000000111001	10010010000001	10111001111010	0	0
13	7	3	2	2	00011110100001	01110100000101	10001000000010	0	0
13	8	1	2	3	01100110110100	01000101000000	01000110001010	0	0
13	9	1	2	4	11100001101011	10110011000111	00001100110101	0	0
13	10	2	2	5	00001110001100	11010000011010	01001010010100	0	0
13	11	2	3	1	11001111010011	10110011101110	10011010000001	1	0
13	12	2	3	2	11100000111001	01010000000011	11100011000111	0	1
13	13	2	3	3	10110000101001	01101010011111	01100010000101	0	1
13	14	2	3	4	01110001010100	10000000110111	01100110100011	0	0
13	15	1	3	5	01101101010101	00100111001010	10100110111100	0	0
13	16	2	4	1	01110110011101	00011111000001	11110000000001	0	0
13	17	2	4	2	10111011100000	00001110001111	11111001110011	0	0
13	18	3	4	3	00100010011101	01101011111001	11111000010111	0	0
13	19	2	4	4	01100101100000	10000110001001	11111010001101	0	0
13	20	2	4	5	11010110000011	11111000101001	01000110010000	0	1
13	21	2	5	1	01011111011101	11101110100000	01010011111101	1	0
13	22	3	5	2	10001000000010	01100110010111	11110101011110	0	1
13	23	2	5	3	00011101011001	01111111100010	00011111000110	1	0
13	24	2	5	4	00011001010110	11111011111100	01110101100010	0	0
13	25	3	5	5	11111101100010	10001010001000	00111100100100	0	0
14	1	1	1	1	00010010010001	01000101001111	01101010010010	0	1
14	2	2	1	2	00011101011110	01101111111010	10110001110111	0	1
14	3	1	1	3	10011110010010	00000101100011	01101001111101	0	0
14	4	1	1	4	10000100011100	11111001000110	10111011110101	0	0
14	5	2	1	5	00011011100110	01111010001011	00001000100001	0	0
14	6	2	2	1	11110101111000	10001011111000	11101101000110	1	0
14	7	2	2	2	11011000001111	00001111000000	01000001001000	1	1
14	8	2	2	3	10000111111000	11010101110001	01010111010011	0	0
14	9	2	2	4	10001000001100	11001100101110	10000111100000	1	0
14	10	3	2	5	10110001100101	01001110010100	11111010100101	0	0
14	11	2	3	1	00010101110011	01011010000111	00100110101000	0	0
14	12	2	3	2	00011010001001	10101000100010	10001001100110	1	0
14	13	2	3	3	00101000000101	01011001111011	11011001011011	0	0
14	14	2	3	4	01100010100010	01111011111111	10010011010011	0	0
14	15	1	3	5	00100111101011	10011010011010	00100001001010	0	0
14	16	2	4	1	01110001011000	11101011111101	01011010111000	0	1
14	17	3	4	2	01111010100101	11011101100111	10001011100001	0	1
14	18	2	4	3	10001010000001	11000110001001	11101101010101	0	1
14	19	3	4	4	11111110001111	10110000111001	00101101101100	0	0
14	20	2	4	5	01000001011101	01000010001101	01111010001100	0	0
14	21	2	5	1	00011100111100	00110110101100	10100110000100	0	1
14	22	2	5	2	11100011000011	11111001000101	11110001110011	0	0
14	23	2	5	3	11100100011010	01101001101110	01100011011001	0	0
14	24	3	5	4	10100011000110	01000011011110	10110100001101	0	0
14	25	2	5	5	00011100111011	10100001110101	11111100001011	1	1
15	1	2	1	1	10110100110111	00111100000000	01001101100000	0	0
15	2	3	1	2	00000100011100	00000110101010	00110101000101	0	0
15	3	2	1	3	01011100000100	00111000001000	00000001101010	0	0
15	4	2	1	4	01011100010001	10111001110010	11011110111100	1	0
15	5	2	1	5	10011110010110	01001011100010	00100111000100	0	0
15	6	2	2	1	00011011000111	01001011101011	00100011100110	0	0
15	7	1	2	2	01101110011110	11100101111110	01111101001011	0	1
15	8	2	2	3	01111000111001	11111100100100	11100000011010	0	0
15	9	2	2	4	11101000010110	11010110111010	11100001111100	0	1
15	10	2	2	5	00110010010100	01101010010010	11101110111010	1	1
15	11	3	3	1	01000110111001	10111111101011	10101010111110	0	0
15	12	2	3	2	11110110000101	10010111101110	01001001111101	0	1
15	13	2	3	3	10011010111011	10101001100011	01100011110011	0	1
15	14	2	3	4	00001111010001	01001011000010	11010011001010	0	1
15	15	3	3	5	11110011001001	10101100000000	01000101001000	0	0
15	16	1	4	1	11101101001111	01111000110111	01010001111100	0	1
15	17	2	4	2	11011011010101	11111100000011	11000110001111	0	0
15	18	2	4	3	10001000100111	01100100110100	00011011101100	1	0
15	19	1	4	4	00010010100111	10110110001010	11000000110100	0	1
15	20	2	4	5	10010001000101	10110010000011	00000110000001	1	0
15	21	3	5	1	10110011011011	10101011110100	11101011111010	0	0
15	22	2	5	2	10111011100100	11111110001100	11001001011110	0	0
15	23	2	5	3	01010011110111	01011111100011	00001101000101	0	0
15	24	1	5	4	00001001001010	01110110010111	01010101000110	0	0
15	25	2	5	5	00011101110001	01011110000110	01011101010010	1	0
16	1	3	1	1	11111010110010	10000100010010	10000000000111	0	0
16	2	2	1	2	00110111101010	11000101011100	11001001011100	0	0
16	3	2	1	3	10110010001000	00010111000111	00110000000101	0	0
16	4	1	1	4	11010000111110	01010111111101	01011100101011	0	1
16	5	2	1	5	00001010001110	01010000100111	00000001101111	0	0
16	6	2	2	1	01000110111010	10100100000111	11111100011100	1	1
16	7	2	2	2	11010000101110	10111111001110	01110001001010	1	1
16	8	2	2	3	10100110110011	10001000001101	10011001100110	1	0
16	9	2	2	4	10101110011001	00010011011001	10000000011111	0	0
16	10	3	2	5	00101001110101	00101110110110	10100100001101	0	0
16	11	2	3	1	00000010001101	11000001000101	10011100100000	0	0
16	12	1	3	2	01100001100000	00011001110010	01100101011111	0	0
16	13	2	3	3	10111110110111	11010000111111	11101111011010	1	1
16	14	3	3	4	01000111110100	00101011101100	01001001100011	0	1
16	15	2	3	5	01011100000001	00101010100111	10000010110111	0	1
16	16	2	4	1	00000101100100	00011000011010	10111001000111	1	0
16	17	2	4	2	00001000100111	11101101011001	10100100101000	0	0
16	18	2	4	3	10010010111100	10000111000000	01101110101000	0	0
16	19	1	4	4	11001001110011	10110111100101	01111100000010	0	0
16	20	3	4	5	10100110110000	10111111101001	00111010010111	0	1
16	21	2	5	1	11010101010111	00000010111111	00101101100110	0	0
16	22	2	5	2	10110101011101	11011100111000	10110101011110	0	0
16	23	2	5	3	00110010010010	00011110101011	11100100000010	0	1
16	24	1	5	4	00001001001010	10110001000101	00011001000011	0	0
16	25	2	5	5	10101110100000	01111011001010	10011110100001	0	0
17	1	2	1	1	01100100000101	00101001101000	11101110111111	1	0
17	2	2	1	2	11010011100100	11001001010010	11001001010111	0	1
17	3	2	1	3	10111101010011	10011101101101	01110010010001	1	0
17	4	1	1	4	01000111010101	10011110001100	01011110110000	0	0
17	5	2	1	5	01010000101011	11011100101001	00110001111011	1	0
17	6	2	2	1	10100011001000	11110110101000	01011001001100	1	0
17	7	2	2	2	00100010100010	00000100001111	01110010010010	0	0
17	8	2	2	3	01100000111010	01010101001000	01011101101100	0	0
17	9	2	2	4	00110100110000	11011001110011	00110000001001	0	1
17	10	2	2	5	00011111101010	11110000110001	00100110100111	0	0
17	11	2	3	1	00000011000111	11110111011101	01100110001010	0	0
17	12	3	3	2	00000111101011	01111110000011	00011100001110	0	0
17	13	2	3	3	01101101010100	00111110110110	01000111111100	0	0
17	14	2	3	4	00000001100010	10000011000110	00101000000001	1	0
17	15	3	3	5	01100000111110	00111100110010	11001101111101	0	1
17	16	2	4	1	11100110000110	00000111000101	01001110000000	0	0
17	17	2	4	2	01110101000110	00010110001111	00101010100111	0	0
17	18	3	4	3	10111001111101	11100100111011	11110111110011	0	1
17	19	2	4	4	11110011100001	01101000100010	11111101100110	0	1
17	20	3	4	5	10000100111101	00000111110101	01000010111100	0	1
17	21	2	5	1	10111111010111	01000011100011	11100010100001	0	1
17	22	1	5	2	01110111010100	01011000001000	10010011111101	0	0
17	23	2	5	3	10110100000100	00001010101111	00110101011000	0	0
17	24	1	5	4	01001001110011	11110001101101	00011110101100	0	1
17	25	1	5	5	01111001111011	00010001111111	10011111111001	0	0
