1	0.530978
2	0.531215
3	0.53352
4	0.53352
5	0.545349
6	0.551145
7	0.560279
8	0.567668
9	0.580517
10	0.580517
11	0.589134
12	0.589134
13	0.589413
14	0.589413
15	0.590531
16	0.61169
17	0.616355
18	0.616355
19	0.626187
20	0.628561
21	0.632067
22	0.632067
23	0.632067
24	0.634651
25	0.638073
26	0.639972
27	0.639972
28	0.643464
29	0.644944
30	0.644944
31	0.644944
32	0.648198
33	0.652863
34	0.652863
35	0.652863
36	0.652863
37	0.652863
38	0.663883
39	0.663883
40	0.663883
41	0.673799
42	0.673799
43	0.673799
44	0.673799
45	0.675182
46	0.677765
47	0.677765
48	0.680531
49	0.680531
50	0.680531
51	0.698296
52	0.705405
53	0.707779
54	0.707779
55	0.707779
56	0.707779
57	0.707779
58	0.707779
59	0.707779
60	0.707779
61	0.707779
62	0.707779
63	0.707779
64	0.707779
65	0.707779
66	0.707779
67	0.707779
68	0.707779
69	0.707779
70	0.707779
71	0.707779
72	0.707779
73	0.707779
74	0.707779
75	0.707779
76	0.707779
77	0.707779
78	0.714944
79	0.714944
80	0.714944
81	0.714944
82	0.714944
83	0.714944
84	0.714944
85	0.714944
86	0.714944
87	0.714944
88	0.714944
89	0.714944
90	0.714944
91	0.714944
92	0.714944
93	0.714944
94	0.714944
95	0.714944
96	0.714944
97	0.714944
98	0.714944
99	0.714944
100	0.714944
101	0.714944
102	0.714944
103	0.714944
104	0.720712
105	0.720712
106	0.720712
107	0.720712
108	0.720712
109	0.720712
110	0.720712
111	0.720712
112	0.720712
113	0.720712
114	0.720712
115	0.720712
116	0.720712
117	0.720712
118	0.720712
119	0.720712
120	0.720712
121	0.720712
122	0.720712
123	0.720712
124	0.720712
125	0.720712
126	0.720712
127	0.720712
128	0.720712
129	0.720712
130	0.720712
131	0.722835
132	0.731732
133	0.731732
134	0.731732
135	0.731732
136	0.731732
137	0.731732
138	0.731732
139	0.731732
140	0.731732
141	0.731732
142	0.731732
143	0.731732
144	0.731732
145	0.731732
146	0.731732
147	0.731732
148	0.731732
149	0.731732
150	0.735922
151	0.735922
152	0.735922
153	0.735922
154	0.735922
155	0.735922
156	0.735922
157	0.735922
158	0.735922
159	0.735922
160	0.735922
161	0.735922
162	0.735922
163	0.735922
164	0.735922
165	0.735922
166	0.735922
167	0.735922
168	0.735922
169	0.735922
170	0.735922
171	0.735922
172	0.735922
173	0.735922
174	0.735922
175	0.735922
176	0.735922
177	0.735922
178	0.735922
179	0.735922
180	0.735922
181	0.735922
182	0.735922
183	0.735922
184	0.735922
185	0.735922
186	0.735922
187	0.735922
188	0.735922
189	0.735922
190	0.735922
191	0.735922
192	0.735922
193	0.735922
194	0.735922
195	0.735922
196	0.735922
197	0.735922
198	0.735922
199	0.735922
200	0.735922
201	0.735922
202	0.735922
203	0.735922
204	0.735922
205	0.735922
206	0.735922
207	0.735922
208	0.735922
209	0.735922
210	0.735922
211	0.735922
212	0.735922
213	0.735922
214	0.736355
215	0.736355
216	0.736355
217	0.736355
218	0.736355
219	0.736355
220	0.736355
221	0.736355
222	0.736355
223	0.736355
224	0.736355
225	0.736355
226	0.736355
227	0.736355
228	0.736355
229	0.736355
230	0.736355
231	0.736355
232	0.736355
233	0.736355
234	0.736355
235	0.736355
236	0.736355
237	0.736355
238	0.736355
239	0.736355
240	0.736355
241	0.736355
242	0.736355
243	0.736355
244	0.736355
245	0.736355
246	0.736355
247	0.736355
248	0.743366
249	0.743366
250	0.743366
251	0.743366
252	0.743366
253	0.743366
254	0.746704
255	0.746704
256	0.746704
257	0.746704
258	0.746704
259	0.746704
260	0.746704
261	0.746704
262	0.746704
263	0.746704
264	0.746704
265	0.746704
266	0.746704
267	0.746704
268	0.746704
269	0.746704
270	0.746704
271	0.746704
272	0.746704
273	0.746704
274	0.746704
275	0.746704
276	0.746704
277	0.746704
278	0.746704
279	0.746704
280	0.746704
281	0.746704
282	0.746704
283	0.746704
284	0.746704
285	0.746704
286	0.746704
287	0.746704
288	0.746704
289	0.746704
290	0.746704
291	0.746704
292	0.746704
293	0.746704
294	0.746704
295	0.746704
296	0.746704
297	0.746704
298	0.746941
299	0.746941
300	0.746941
301	0.746941
302	0.746941
303	0.746941
304	0.746941
305	0.746941
306	0.746941
307	0.746941
308	0.750126
309	0.750126
310	0.750126
311	0.750126
312	0.750126
313	0.750126
314	0.750126
315	0.750126
316	0.751788
317	0.751788
318	0.751788
319	0.751788
320	0.751788
321	0.751788
322	0.753561
323	0.753561
324	0.753561
325	0.753561
326	0.753561
327	0.753561
328	0.753561
329	0.753561
330	0.753561
331	0.753561
332	0.753561
333	0.753561
334	0.753561
335	0.753561
336	0.753561
337	0.753561
338	0.753561
339	0.753561
340	0.753561
341	0.753561
342	0.753561
343	0.753561
344	0.753561
345	0.753561
346	0.753561
347	0.753561
348	0.753561
349	0.753561
350	0.753561
351	0.753561
352	0.753561
353	0.753561
354	0.753561
355	0.753561
356	0.753561
357	0.753561
358	0.753561
359	0.753561
360	0.753561
361	0.753561
362	0.753561
363	0.753561
364	0.753561
365	0.753561
366	0.753561
367	0.753561
368	0.753561
369	0.753561
370	0.753561
371	0.753561
372	0.753561
373	0.753561
374	0.753561
375	0.753561
376	0.753561
377	0.753561
378	0.753561
379	0.753561
380	0.753561
381	0.753561
382	0.753561
383	0.753561
384	0.753561
385	0.753561
386	0.753561
387	0.753561
388	0.753561
389	0.753561
390	0.753561
391	0.753561
392	0.753561
393	0.753561
394	0.753561
395	0.753561
396	0.753561
397	0.753561
398	0.753561
399	0.753561
400	0.753561
401	0.753561
402	0.753561
403	0.753561
404	0.753561
405	0.753561
406	0.753561
407	0.753561
408	0.753561
409	0.753561
410	0.753561
411	0.753561
412	0.753561
413	0.753561
414	0.753561
415	0.753561
416	0.753561
417	0.753561
418	0.753561
419	0.753561
420	0.753561
421	0.753561
422	0.753561
423	0.753561
424	0.753561
425	0.753561
426	0.753561
427	0.753561
428	0.753561
429	0.753561
430	0.753561
431	0.753561
432	0.753561
433	0.753561
434	0.753561
435	0.753561
436	0.753561
437	0.753561
438	0.753561
439	0.753561
440	0.753561
441	0.753561
442	0.753561
443	0.753561
444	0.753561
445	0.753561
446	0.753561
447	0.753561
448	0.753561
449	0.753561
450	0.753561
451	0.753561
452	0.753561
453	0.753561
454	0.753561
455	0.753561
456	0.753561
457	0.753561
458	0.753561
459	0.753561
460	0.753561
461	0.753561
462	0.753561
463	0.753561
464	0.753561
465	0.753561
466	0.753561
467	0.753561
468	0.753561
469	0.753561
470	0.753561
471	0.753561
472	0.753561
473	0.753561
474	0.753561
475	0.753561
476	0.753561
477	0.753561
478	0.753561
479	0.753561
480	0.753561
481	0.753561
482	0.753561
483	0.753561
484	0.753561
485	0.753561
486	0.753561
487	0.753561
488	0.753561
489	0.753561
490	0.753561
491	0.753561
492	0.753561
493	0.753561
494	0.753561
495	0.753561
496	0.753561
497	0.753561
498	0.753561
499	0.753561
500	0.753561
501	0.753561
502	0.753561
503	0.753561
504	0.753561
505	0.753561
506	0.753561
507	0.753561
508	0.753561
509	0.753561
510	0.753561
511	0.753561
512	0.753561
513	0.753561
514	0.753561
515	0.753561
516	0.753561
517	0.753561
518	0.753561
519	0.753561
520	0.753561
521	0.753561
522	0.753561
523	0.753561
524	0.753561
525	0.753561
526	0.753561
527	0.753561
528	0.753561
529	0.753561
530	0.753561
531	0.753561
532	0.753561
533	0.753561
534	0.753561
535	0.753561
536	0.753561
537	0.753561
538	0.753561
539	0.753561
540	0.753561
541	0.753561
542	0.753561
543	0.753561
544	0.753561
545	0.753561
546	0.753561
547	0.753561
548	0.753561
549	0.753561
550	0.753561
551	0.753561
552	0.753561
553	0.753561
554	0.753561
555	0.753561
556	0.753561
557	0.753561
558	0.753561
559	0.753561
560	0.753561
561	0.753561
562	0.753561
563	0.753561
564	0.753561
565	0.753561
566	0.753561
567	0.753561
568	0.753561
569	0.753561
570	0.753561
571	0.753561
572	0.753561
573	0.753561
574	0.753561
575	0.753561
576	0.753561
577	0.753561
578	0.753561
579	0.753561
580	0.753561
581	0.753561
582	0.753561
583	0.753561
584	0.753561
585	0.753561
586	0.753561
587	0.753561
588	0.753561
589	0.753561
590	0.753561
591	0.753561
592	0.753561
593	0.753561
594	0.753561
595	0.753561
596	0.753561
597	0.753561
598	0.753561
599	0.753561
600	0.753561
601	0.753561
602	0.753561
603	0.753561
604	0.753561
605	0.753561
606	0.753561
607	0.753561
608	0.753561
609	0.753561
610	0.753561
611	0.753561
612	0.753561
613	0.753561
614	0.753561
615	0.753561
616	0.753561
617	0.753561
618	0.753561
619	0.753561
620	0.756173
621	0.756173
622	0.756173
623	0.756173
624	0.756173
625	0.756173
626	0.756173
627	0.756173
628	0.756173
629	0.756173
630	0.756173
631	0.756173
632	0.756173
633	0.756173
634	0.756173
635	0.756173
636	0.756173
637	0.756173
638	0.756173
639	0.756173
640	0.756173
641	0.756173
642	0.756173
643	0.756173
644	0.756173
645	0.756173
646	0.756173
647	0.756173
648	0.756173
649	0.756173
650	0.756173
651	0.756173
652	0.756173
653	0.756173
654	0.756173
655	0.756173
656	0.756173
657	0.756173
658	0.756173
659	0.756173
660	0.756173
661	0.756173
662	0.756173
663	0.756173
664	0.756173
665	0.756173
666	0.756173
667	0.756173
668	0.756173
669	0.756173
670	0.756173
671	0.756173
672	0.756173
673	0.756173
674	0.756173
675	0.756173
676	0.756173
677	0.756173
678	0.756173
679	0.756173
680	0.756173
681	0.756173
682	0.756173
683	0.756173
684	0.756173
685	0.756173
686	0.756173
687	0.756173
688	0.756173
689	0.756173
690	0.756173
691	0.756173
692	0.756173
693	0.756173
694	0.756173
695	0.756173
696	0.756173
697	0.756173
698	0.756173
699	0.756173
700	0.756173
701	0.756173
702	0.756173
703	0.756173
704	0.756173
705	0.756173
706	0.756173
707	0.756173
708	0.756173
709	0.756173
710	0.756173
711	0.756173
712	0.756173
713	0.756173
714	0.756173
715	0.756173
716	0.756173
717	0.756173
718	0.756173
719	0.756173
720	0.756173
721	0.756173
722	0.756173
723	0.756173
724	0.756173
725	0.756173
726	0.756173
727	0.756173
728	0.756173
729	0.756173
730	0.758925
731	0.766034
732	0.766034
733	0.766034
734	0.766034
735	0.766034
736	0.766034
737	0.766034
738	0.766034
739	0.766034
740	0.766034
741	0.766034
742	0.766034
743	0.766034
744	0.766034
745	0.766034
746	0.766034
747	0.766034
748	0.766034
749	0.766034
750	0.766034
751	0.766034
752	0.766034
753	0.771257
754	0.771257
755	0.771257
756	0.771257
757	0.771257
758	0.771257
759	0.771257
760	0.771257
761	0.771257
762	0.771257
763	0.771257
764	0.771257
765	0.771257
766	0.772151
767	0.772151
768	0.772151
769	0.772151
770	0.772151
771	0.772151
772	0.772151
773	0.772151
774	0.772151
775	0.772151
776	0.772151
777	0.772151
778	0.772151
779	0.772151
780	0.772151
781	0.772151
782	0.772151
783	0.772151
784	0.772151
785	0.772151
786	0.772151
787	0.772151
788	0.772151
789	0.772151
790	0.772151
791	0.772151
792	0.772151
793	0.772151
794	0.772151
795	0.772151
796	0.772151
797	0.772151
798	0.772151
799	0.772151
800	0.772151
801	0.772151
802	0.772151
803	0.772151
804	0.772151
805	0.772151
806	0.772151
807	0.772151
808	0.772151
809	0.772151
810	0.772151
811	0.772151
812	0.772151
813	0.772151
814	0.772151
815	0.772151
816	0.772151
817	0.772151
818	0.772151
819	0.772151
820	0.772151
821	0.772151
822	0.772151
823	0.772151
824	0.772151
825	0.772151
826	0.772151
827	0.772151
828	0.772151
829	0.772151
830	0.772151
831	0.772151
832	0.772151
833	0.772151
834	0.772151
835	0.772151
836	0.772151
837	0.772151
838	0.772151
839	0.772151
840	0.772151
841	0.772151
842	0.772151
843	0.772151
844	0.772151
845	0.772151
846	0.772151
847	0.772151
848	0.772151
849	0.772151
850	0.772151
851	0.772151
852	0.772151
853	0.772151
854	0.772151
855	0.772151
856	0.772151
857	0.772151
858	0.772151
859	0.772151
860	0.772151
861	0.772151
862	0.772151
863	0.772151
864	0.772151
865	0.772151
866	0.772151
867	0.772151
868	0.772151
869	0.772151
870	0.772151
871	0.772151
872	0.772151
873	0.772151
874	0.772151
875	0.772151
876	0.772151
877	0.772151
878	0.772151
879	0.772151
880	0.772151
881	0.772151
882	0.772151
883	0.772151
884	0.772151
885	0.772151
886	0.772151
887	0.772151
888	0.772151
889	0.772151
890	0.772151
891	0.772151
892	0.772151
893	0.772151
894	0.772151
895	0.772151
896	0.772151
897	0.772151
898	0.772151
899	0.772151
900	0.772151
901	0.772151
902	0.772151
903	0.772151
904	0.772151
905	0.772151
906	0.772151
907	0.772151
908	0.772151
909	0.772151
910	0.772151
911	0.772151
912	0.772151
913	0.772151
914	0.772151
915	0.772151
916	0.772151
917	0.772151
918	0.772151
919	0.772151
920	0.772151
921	0.772151
922	0.772151
923	0.772151
924	0.772151
925	0.772151
926	0.772151
927	0.772151
928	0.772151
929	0.772151
930	0.772151
931	0.772151
932	0.772151
933	0.772151
934	0.772151
935	0.772151
936	0.772151
937	0.772151
938	0.772151
939	0.772151
940	0.772151
941	0.772151
942	0.779344
943	0.779344
944	0.779344
945	0.782207
946	0.782207
947	0.782207
948	0.792402
949	0.792402
950	0.792402
951	0.792402
952	0.792402
953	0.792402
954	0.792402
955	0.792402
956	0.792402
957	0.792402
958	0.792402
959	0.792402
960	0.792402
961	0.792402
962	0.792402
963	0.792402
964	0.792402
965	0.802207
966	0.802207
967	0.802207
968	0.802207
969	0.802207
970	0.802207
971	0.802207
972	0.802207
973	0.802207
974	0.802207
975	0.802207
976	0.802207
977	0.802207
978	0.802207
979	0.802207
980	0.802207
981	0.802207
982	0.802207
983	0.802207
984	0.802207
985	0.802207
986	0.802207
987	0.802207
988	0.802207
989	0.802207
990	0.802207
991	0.802207
992	0.802207
993	0.802207
994	0.802207
995	0.802207
996	0.802207
997	0.802207
998	0.802207
999	0.802207
1000	0.802207
