1	0.508394
2	0.511662
3	0.511662
4	0.511662
5	0.512151
6	0.512151
7	0.512151
8	0.512151
9	0.567933
10	0.571508
11	0.631927
12	0.636997
13	0.640223
14	0.644832
15	0.649902
16	0.652207
17	0.660964
18	0.694427
19	0.713785
20	0.713785
21	0.713785
22	0.735908
23	0.735908
24	0.735908
25	0.735908
26	0.755726
27	0.755726
28	0.755726
29	0.755726
30	0.755726
31	0.755726
32	0.755726
33	0.755726
34	0.755726
35	0.760335
36	0.805503
37	0.805503
38	0.828087
39	0.837765
40	0.837765
41	0.837765
42	0.837765
43	0.837765
44	0.837765
45	0.837765
46	0.837765
47	0.837765
48	0.837765
49	0.837765
50	0.837765
51	0.837765
52	0.837765
53	0.837765
54	0.839148
55	0.842835
56	0.842835
57	0.842835
58	0.842835
59	0.842835
60	0.842835
61	0.842835
62	0.842835
63	0.842835
64	0.848366
65	0.848366
66	0.848366
67	0.867723
68	0.867723
69	0.870028
70	0.870028
71	0.87602
72	0.87602
73	0.87602
74	0.87602
75	0.87602
76	0.87602
77	0.87602
78	0.890307
79	0.890307
80	0.890307
81	0.890307
82	0.890307
83	0.893073
84	0.893073
85	0.893073
86	0.893073
87	0.893073
88	0.893073
89	0.893073
90	0.893073
91	0.893073
92	0.893073
93	0.893073
94	0.893073
95	0.893073
96	0.893073
97	0.893073
98	0.894916
99	0.894916
100	0.894916
101	0.897682
102	0.897682
103	0.900908
104	0.900908
105	0.900908
106	0.910126
107	0.91243
108	0.91243
109	0.91243
110	0.91243
111	0.916117
112	0.916117
113	0.916117
114	0.916117
115	0.916117
116	0.916117
117	0.916117
118	0.916117
119	0.916117
120	0.916117
121	0.916117
122	0.916117
123	0.916117
124	0.916117
125	0.916117
126	0.916117
127	0.916117
128	0.916117
129	0.916117
130	0.916117
131	0.916117
132	0.916117
133	0.916117
134	0.916117
135	0.916117
136	0.916117
137	0.916117
138	0.916117
139	0.916117
140	0.916117
141	0.916117
142	0.916117
143	0.916117
144	0.916117
145	0.916117
146	0.916117
147	0.916117
148	0.916117
149	0.916117
150	0.916117
151	0.916117
152	0.916117
153	0.916117
154	0.916117
155	0.916117
156	0.916117
157	0.916117
158	0.916117
159	0.916117
160	0.916117
161	0.916117
162	0.916117
163	0.916117
164	0.916117
165	0.916117
166	0.916117
167	0.916117
168	0.916117
169	0.916117
170	0.916117
171	0.916117
172	0.916117
173	0.916117
174	0.916117
175	0.916117
176	0.916117
177	0.916117
178	0.916117
179	0.916117
180	0.916117
181	0.916117
182	0.916117
183	0.916117
184	0.916117
185	0.916117
186	0.916117
187	0.916117
188	0.916117
189	0.916117
190	0.916117
191	0.916117
192	0.916117
193	0.916117
194	0.916117
195	0.916117
196	0.916117
197	0.916117
198	0.916117
199	0.916117
200	0.916117
201	0.916117
202	0.916117
203	0.916117
204	0.916117
205	0.916117
206	0.916117
207	0.916117
208	0.916117
209	0.916117
210	0.916117
211	0.916117
212	0.916117
213	0.916117
214	0.916117
215	0.916117
216	0.916117
217	0.916117
218	0.916117
219	0.916117
220	0.916117
221	0.916117
222	0.916117
223	0.916117
224	0.916117
225	0.916117
226	0.916117
227	0.916117
228	0.916117
229	0.916117
230	0.916117
231	0.916117
232	0.916117
233	0.916117
234	0.916117
235	0.916117
236	0.916117
237	0.916117
238	0.916117
239	0.916117
240	0.916117
241	0.916117
242	0.916117
243	0.916117
244	0.916117
245	0.916117
246	0.916117
247	0.916117
248	0.916117
249	0.916117
250	0.916117
251	0.916117
252	0.916117
253	0.916117
254	0.916117
255	0.916117
256	0.916117
257	0.916117
258	0.916117
259	0.916117
260	0.916117
261	0.916117
262	0.916117
263	0.916117
264	0.916117
265	0.916117
266	0.916117
267	0.916117
268	0.916117
269	0.916117
270	0.916117
271	0.916117
272	0.916117
273	0.916117
274	0.916117
275	0.916117
276	0.916117
277	0.916117
278	0.916117
279	0.916117
280	0.916117
281	0.916117
282	0.916117
283	0.916117
284	0.916117
285	0.916117
286	0.916117
287	0.916117
288	0.916117
289	0.916117
290	0.916117
291	0.916117
292	0.916117
293	0.916117
294	0.916117
295	0.916117
296	0.916117
297	0.916117
298	0.916117
299	0.916117
300	0.916117
301	0.916117
302	0.916117
303	0.916117
304	0.916117
305	0.916117
306	0.916117
307	0.916117
308	0.916117
309	0.916117
310	0.916117
311	0.916117
312	0.916117
313	0.916117
314	0.916117
315	0.916117
316	0.916117
317	0.916117
318	0.916117
319	0.916117
320	0.916117
321	0.916117
322	0.916117
323	0.916117
324	0.916117
325	0.916117
326	0.916117
327	0.916117
328	0.916117
329	0.916117
330	0.916117
331	0.916117
332	0.916117
333	0.916117
334	0.916117
335	0.916117
336	0.916117
337	0.916117
338	0.916117
339	0.916117
340	0.916117
341	0.916117
342	0.916117
343	0.916117
344	0.916117
345	0.916117
346	0.916117
347	0.916117
348	0.916117
349	0.916117
350	0.916117
351	0.916117
352	0.916117
353	0.916117
354	0.916117
355	0.916117
356	0.916117
357	0.916117
358	0.916117
359	0.916117
360	0.916117
361	0.916117
362	0.916117
363	0.916117
364	0.916117
365	0.916117
366	0.916117
367	0.916117
368	0.916117
369	0.916117
370	0.916117
371	0.916117
372	0.916117
373	0.916117
374	0.916117
375	0.916117
376	0.916117
377	0.916117
378	0.916117
379	0.916117
380	0.916117
381	0.916117
382	0.916117
383	0.916117
384	0.916117
385	0.916117
386	0.916117
387	0.916117
388	0.916117
389	0.916117
390	0.916117
391	0.916117
392	0.916117
393	0.916117
394	0.916117
395	0.916117
396	0.916117
397	0.916117
398	0.916117
399	0.916117
400	0.916117
401	0.916117
402	0.916117
403	0.916117
404	0.916117
405	0.916117
406	0.916117
407	0.916117
408	0.916117
409	0.916117
410	0.916117
411	0.916117
412	0.916117
413	0.916117
414	0.916117
415	0.916117
416	0.916117
417	0.916117
418	0.916117
419	0.916117
420	0.916117
421	0.916117
422	0.916117
423	0.916117
424	0.916117
425	0.916117
426	0.916117
427	0.916117
428	0.916117
429	0.916117
430	0.916117
431	0.916117
432	0.916117
433	0.916117
434	0.916117
435	0.916117
436	0.916117
437	0.916117
438	0.916117
439	0.916117
440	0.916117
441	0.916117
442	0.916117
443	0.916117
444	0.916117
445	0.916117
446	0.916117
447	0.916117
448	0.916117
449	0.916117
450	0.916117
451	0.916117
452	0.916117
453	0.916117
454	0.916117
455	0.916117
456	0.916117
457	0.916117
458	0.916117
459	0.916117
460	0.916117
461	0.916117
462	0.916117
463	0.916117
464	0.916117
465	0.916117
466	0.916117
467	0.916117
468	0.916117
469	0.916117
470	0.916117
471	0.916117
472	0.916117
473	0.916117
474	0.916117
475	0.916117
476	0.916117
477	0.916117
478	0.916117
479	0.916117
480	0.916117
481	0.916117
482	0.916117
483	0.916117
484	0.916117
485	0.916117
486	0.916117
487	0.916117
488	0.916117
489	0.916117
490	0.916117
491	0.916117
492	0.916117
493	0.916117
494	0.916117
495	0.916117
496	0.916117
497	0.916117
498	0.916117
499	0.916117
500	0.916117
501	0.916117
502	0.916117
503	0.916117
504	0.916117
505	0.916117
506	0.916117
507	0.916117
508	0.916117
509	0.916117
510	0.916117
511	0.916117
512	0.916117
513	0.916117
514	0.916117
515	0.916117
516	0.916117
517	0.916117
518	0.916117
519	0.916117
520	0.916117
521	0.916117
522	0.916117
523	0.916117
524	0.916117
525	0.916117
526	0.916117
527	0.916117
528	0.916117
529	0.916117
530	0.916117
531	0.916117
532	0.916117
533	0.916117
534	0.916117
535	0.916117
536	0.916117
537	0.916117
538	0.916117
539	0.916117
540	0.916117
541	0.916117
542	0.916117
543	0.916117
544	0.916117
545	0.916117
546	0.916117
547	0.916117
548	0.916117
549	0.916117
550	0.916117
551	0.916117
552	0.916117
553	0.916117
554	0.916117
555	0.916117
556	0.916117
557	0.916117
558	0.916117
559	0.916117
560	0.916117
561	0.916117
562	0.916117
563	0.916117
564	0.916117
565	0.916117
566	0.916117
567	0.916117
568	0.916117
569	0.916117
570	0.916117
571	0.916117
572	0.916117
573	0.916117
574	0.916117
575	0.916117
576	0.916117
577	0.916117
578	0.916117
579	0.916117
580	0.916117
581	0.916117
582	0.916117
583	0.916117
584	0.916117
585	0.916117
586	0.916117
587	0.916117
588	0.916117
589	0.916117
590	0.916117
591	0.916117
592	0.916117
593	0.916117
594	0.916117
595	0.916117
596	0.916117
597	0.916117
598	0.916117
599	0.916117
600	0.916117
601	0.916117
602	0.916117
603	0.916117
604	0.916117
605	0.916117
606	0.916117
607	0.916117
608	0.916117
609	0.916117
610	0.916117
611	0.916117
612	0.916117
613	0.916117
614	0.916117
615	0.916117
616	0.916117
617	0.916117
618	0.916117
619	0.916117
620	0.916117
621	0.916117
622	0.916117
623	0.916117
624	0.916117
625	0.916117
626	0.916117
627	0.916117
628	0.916117
629	0.916117
630	0.916117
631	0.916117
632	0.916117
633	0.916117
634	0.916117
635	0.916117
636	0.916117
637	0.916117
638	0.916117
639	0.916117
640	0.916117
641	0.916117
642	0.916117
643	0.916117
644	0.916117
645	0.916117
646	0.916117
647	0.916117
648	0.916117
649	0.916117
650	0.916117
651	0.916117
652	0.916117
653	0.916117
654	0.916117
655	0.916117
656	0.916117
657	0.916117
658	0.916117
659	0.916117
660	0.916117
661	0.916117
662	0.916117
663	0.916117
664	0.916117
665	0.916117
666	0.916117
667	0.916117
668	0.916117
669	0.916117
670	0.916117
671	0.916117
672	0.916117
673	0.916117
674	0.916117
675	0.916117
676	0.916117
677	0.916117
678	0.916117
679	0.916117
680	0.916117
681	0.916117
682	0.916117
683	0.916117
684	0.916117
685	0.916117
686	0.916117
687	0.916117
688	0.916117
689	0.916117
690	0.916117
691	0.916117
692	0.916117
693	0.916117
694	0.916117
695	0.916117
696	0.916117
697	0.916117
698	0.916117
699	0.916117
700	0.916117
701	0.916117
702	0.916117
703	0.916117
704	0.916117
705	0.916117
706	0.916117
707	0.916117
708	0.916117
709	0.916117
710	0.916117
711	0.916117
712	0.916117
713	0.916117
714	0.916117
715	0.916117
716	0.916117
717	0.916117
718	0.916117
719	0.916117
720	0.916117
721	0.916117
722	0.916117
723	0.916117
724	0.916117
725	0.916117
726	0.916117
727	0.916117
728	0.916117
729	0.916117
730	0.916117
731	0.916117
732	0.916117
733	0.916117
734	0.916117
735	0.916117
736	0.916117
737	0.916117
738	0.916117
739	0.916117
740	0.916117
741	0.916117
742	0.916117
743	0.916117
744	0.916117
745	0.916117
746	0.916117
747	0.916117
748	0.916117
749	0.916117
750	0.916117
751	0.916117
752	0.916117
753	0.916117
754	0.916117
755	0.916117
756	0.916117
757	0.916117
758	0.916117
759	0.916117
760	0.916117
761	0.916117
762	0.916117
763	0.916117
764	0.916117
765	0.916117
766	0.916117
767	0.916117
768	0.916117
769	0.916117
770	0.916117
771	0.916117
772	0.916117
773	0.916117
774	0.916117
775	0.916117
776	0.916117
777	0.916117
778	0.916117
779	0.916117
780	0.916117
781	0.916117
782	0.916117
783	0.916117
784	0.916117
785	0.916117
786	0.916117
787	0.916117
788	0.916117
789	0.916117
790	0.916117
791	0.916117
792	0.916117
793	0.916117
794	0.916117
795	0.916117
796	0.916117
797	0.916117
798	0.916117
799	0.916117
800	0.916117
801	0.916117
802	0.916117
803	0.916117
804	0.916117
805	0.916117
806	0.916117
807	0.916117
808	0.916117
809	0.916117
810	0.916117
811	0.916117
812	0.916117
813	0.916117
814	0.916117
815	0.916117
816	0.916117
817	0.916117
818	0.916117
819	0.916117
820	0.916117
821	0.916117
822	0.916117
823	0.916117
824	0.916117
825	0.916117
826	0.916117
827	0.916117
828	0.916117
829	0.916117
830	0.916117
831	0.916117
832	0.916117
833	0.916117
834	0.916117
835	0.916117
836	0.916117
837	0.916117
838	0.916117
839	0.916117
840	0.916117
841	0.916117
842	0.916117
843	0.916117
844	0.916117
845	0.916117
846	0.916117
847	0.916117
848	0.916117
849	0.916117
850	0.916117
851	0.916117
852	0.916117
853	0.916117
854	0.916117
855	0.916117
856	0.916117
857	0.916117
858	0.916117
859	0.916117
860	0.916117
861	0.916117
862	0.916117
863	0.916117
864	0.916117
865	0.916117
866	0.916117
867	0.916117
868	0.916117
869	0.916117
870	0.916117
871	0.916117
872	0.916117
873	0.916117
874	0.916117
875	0.916117
876	0.916117
877	0.916117
878	0.916117
879	0.916117
880	0.916117
881	0.916117
882	0.916117
883	0.916117
884	0.916117
885	0.916117
886	0.916117
887	0.916117
888	0.916117
889	0.916117
890	0.916117
891	0.916117
892	0.916117
893	0.916117
894	0.916117
895	0.916117
896	0.916117
897	0.916117
898	0.916117
899	0.916117
900	0.916117
901	0.916117
902	0.916117
903	0.916117
904	0.916117
905	0.916117
906	0.916117
907	0.916117
908	0.916117
909	0.916117
910	0.916117
911	0.916117
912	0.916117
913	0.916117
914	0.916117
915	0.916117
916	0.916117
917	0.916117
918	0.916117
919	0.916117
920	0.916117
921	0.916117
922	0.916117
923	0.916117
924	0.916117
925	0.916117
926	0.916117
927	0.916117
928	0.916117
929	0.916117
930	0.916117
931	0.916117
932	0.916117
933	0.916117
934	0.916117
935	0.916117
936	0.916117
937	0.916117
938	0.916117
939	0.916117
940	0.916117
941	0.916117
942	0.916117
943	0.916117
944	0.916117
945	0.916117
946	0.916117
947	0.916117
948	0.916117
949	0.916117
950	0.916117
951	0.916117
952	0.916117
953	0.916117
954	0.916117
955	0.916117
956	0.916117
957	0.916117
958	0.916117
959	0.916117
960	0.916117
961	0.916117
962	0.916117
963	0.916117
964	0.916117
965	0.916117
966	0.916117
967	0.916117
968	0.916117
969	0.916117
970	0.916117
971	0.916117
972	0.916117
973	0.916117
974	0.916117
975	0.916117
976	0.916117
977	0.916117
978	0.916117
979	0.916117
980	0.916117
981	0.916117
982	0.916117
983	0.916117
984	0.916117
985	0.916117
986	0.916117
987	0.916117
988	0.916117
989	0.916117
990	0.916117
991	0.916117
992	0.916117
993	0.916117
994	0.916117
995	0.916117
996	0.916117
997	0.916117
998	0.916117
999	0.916117
1000	0.916117
1001	0.916117
1002	0.916117
1003	0.916117
1004	0.916117
1005	0.916117
1006	0.916117
1007	0.916117
1008	0.916117
1009	0.916117
1010	0.916117
1011	0.916117
1012	0.916117
1013	0.916117
1014	0.916117
1015	0.916117
1016	0.916117
1017	0.916117
1018	0.916117
1019	0.916117
1020	0.916117
1021	0.916117
1022	0.916117
1023	0.916117
1024	0.916117
1025	0.916117
1026	0.916117
1027	0.916117
1028	0.916117
1029	0.916117
1030	0.916117
1031	0.916117
1032	0.916117
1033	0.916117
1034	0.916117
1035	0.916117
1036	0.916117
1037	0.916117
1038	0.916117
1039	0.916117
1040	0.916117
1041	0.916117
1042	0.916117
1043	0.916117
1044	0.916117
1045	0.916117
1046	0.916117
1047	0.916117
1048	0.916117
1049	0.916117
1050	0.916117
1051	0.916117
1052	0.916117
1053	0.916117
1054	0.916117
1055	0.916117
1056	0.916117
1057	0.916117
1058	0.916117
1059	0.916117
1060	0.916117
1061	0.916117
1062	0.916117
1063	0.916117
1064	0.916117
1065	0.916117
1066	0.916117
1067	0.916117
1068	0.916117
1069	0.916117
1070	0.916117
1071	0.916117
1072	0.916117
1073	0.916117
1074	0.916117
1075	0.916117
1076	0.916117
1077	0.916117
1078	0.916117
1079	0.916117
1080	0.916117
1081	0.916117
1082	0.916117
1083	0.916117
1084	0.916117
1085	0.916117
1086	0.916117
1087	0.916117
1088	0.916117
1089	0.916117
1090	0.916117
1091	0.916117
1092	0.916117
1093	0.916117
1094	0.916117
1095	0.916117
1096	0.916117
1097	0.916117
1098	0.916117
1099	0.916117
1100	0.916117
1101	0.916117
1102	0.916117
1103	0.916117
1104	0.916117
1105	0.916117
1106	0.916117
1107	0.916117
1108	0.916117
1109	0.916117
1110	0.916117
1111	0.916117
1112	0.916117
1113	0.916117
1114	0.916117
1115	0.916117
1116	0.916117
1117	0.916117
1118	0.916117
1119	0.916117
1120	0.916117
1121	0.916117
1122	0.916117
1123	0.916117
1124	0.916117
1125	0.916117
1126	0.916117
1127	0.916117
1128	0.916117
1129	0.916117
1130	0.916117
1131	0.916117
1132	0.916117
1133	0.916117
1134	0.916117
1135	0.916117
1136	0.916117
1137	0.916117
1138	0.916117
1139	0.916117
1140	0.916117
1141	0.916117
1142	0.916117
1143	0.916117
1144	0.916117
1145	0.916117
1146	0.916117
1147	0.916117
1148	0.916117
1149	0.916117
1150	0.916117
1151	0.916117
1152	0.916117
1153	0.916117
1154	0.916117
1155	0.916117
1156	0.916117
1157	0.916117
1158	0.916117
1159	0.916117
1160	0.916117
1161	0.916117
1162	0.916117
1163	0.916117
1164	0.916117
1165	0.916117
1166	0.916117
1167	0.916117
1168	0.916117
1169	0.916117
1170	0.916117
1171	0.916117
1172	0.916117
1173	0.916117
1174	0.916117
1175	0.916117
1176	0.916117
1177	0.916117
1178	0.916117
1179	0.916117
1180	0.916117
1181	0.916117
1182	0.916117
1183	0.916117
1184	0.916117
1185	0.916117
1186	0.916117
1187	0.916117
1188	0.916117
1189	0.916117
1190	0.916117
1191	0.916117
1192	0.916117
1193	0.916117
1194	0.916117
1195	0.916117
1196	0.916117
1197	0.916117
1198	0.916117
1199	0.916117
1200	0.916117
1201	0.916117
1202	0.916117
1203	0.916117
1204	0.916117
1205	0.916117
1206	0.916117
1207	0.916117
1208	0.916117
1209	0.916117
1210	0.916117
1211	0.916117
1212	0.916117
1213	0.916117
1214	0.916117
1215	0.916117
1216	0.916117
1217	0.916117
1218	0.916117
1219	0.916117
1220	0.916117
1221	0.916117
1222	0.916117
1223	0.916117
1224	0.916117
1225	0.916117
1226	0.916117
1227	0.916117
1228	0.916117
1229	0.916117
1230	0.916117
1231	0.916117
1232	0.916117
1233	0.916117
1234	0.916117
1235	0.916117
1236	0.916117
1237	0.916117
1238	0.916117
1239	0.916117
1240	0.916117
1241	0.916117
1242	0.916117
1243	0.916117
1244	0.916117
1245	0.916117
1246	0.916117
1247	0.916117
1248	0.916117
1249	0.916117
1250	0.916117
1251	0.916117
1252	0.916117
1253	0.916117
1254	0.916117
1255	0.916117
1256	0.916117
1257	0.916117
1258	0.916117
1259	0.916117
1260	0.916117
1261	0.916117
1262	0.916117
1263	0.916117
1264	0.916117
1265	0.916117
1266	0.916117
1267	0.916117
1268	0.916117
1269	0.916117
1270	0.916117
1271	0.916117
1272	0.916117
1273	0.916117
1274	0.916117
1275	0.916117
1276	0.916117
1277	0.916117
1278	0.916117
1279	0.916117
1280	0.916117
1281	0.916117
1282	0.916117
1283	0.916117
1284	0.916117
1285	0.916117
1286	0.916117
1287	0.916117
1288	0.916117
1289	0.916117
1290	0.916117
1291	0.916117
1292	0.916117
1293	0.916117
1294	0.916117
1295	0.916117
1296	0.916117
1297	0.916117
1298	0.916117
1299	0.916117
1300	0.916117
1301	0.916117
1302	0.916117
1303	0.916117
1304	0.916117
1305	0.916117
1306	0.916117
1307	0.916117
1308	0.916117
1309	0.916117
1310	0.916117
1311	0.916117
1312	0.916117
1313	0.916117
1314	0.916117
1315	0.916117
1316	0.916117
1317	0.916117
1318	0.916117
1319	0.916117
1320	0.916117
1321	0.916117
1322	0.916117
1323	0.916117
1324	0.916117
1325	0.916117
1326	0.916117
1327	0.916117
1328	0.916117
1329	0.916117
1330	0.916117
1331	0.916117
1332	0.916117
1333	0.916117
1334	0.916117
1335	0.916117
1336	0.916117
1337	0.916117
1338	0.916117
1339	0.916117
1340	0.916117
1341	0.916117
1342	0.916117
1343	0.916117
1344	0.916117
1345	0.916117
1346	0.916117
1347	0.916117
1348	0.916117
1349	0.916117
1350	0.916117
1351	0.916117
1352	0.916117
1353	0.916117
1354	0.916117
1355	0.916117
1356	0.916117
1357	0.916117
1358	0.916117
1359	0.916117
1360	0.916117
1361	0.916117
1362	0.916117
1363	0.916117
1364	0.916117
1365	0.916117
1366	0.916117
1367	0.916117
1368	0.916117
1369	0.916117
1370	0.916117
1371	0.916117
1372	0.916117
1373	0.916117
1374	0.916117
1375	0.916117
1376	0.916117
1377	0.916117
1378	0.916117
1379	0.916117
1380	0.916117
1381	0.916117
1382	0.916117
1383	0.916117
1384	0.916117
1385	0.916117
1386	0.916117
1387	0.916117
1388	0.916117
1389	0.916117
1390	0.916117
1391	0.916117
1392	0.916117
1393	0.916117
1394	0.916117
1395	0.916117
1396	0.916117
1397	0.916117
1398	0.916117
1399	0.916117
1400	0.916117
1401	0.916117
1402	0.916117
1403	0.916117
1404	0.916117
1405	0.916117
1406	0.916117
1407	0.916117
1408	0.916117
1409	0.916117
1410	0.916117
1411	0.916117
1412	0.916117
1413	0.916117
1414	0.916117
1415	0.916117
1416	0.916117
1417	0.916117
1418	0.916117
1419	0.916117
1420	0.916117
1421	0.916117
1422	0.916117
1423	0.916117
1424	0.916117
1425	0.916117
1426	0.916117
1427	0.916117
1428	0.916117
1429	0.916117
1430	0.916117
1431	0.916117
1432	0.916117
1433	0.916117
1434	0.916117
1435	0.916117
1436	0.916117
1437	0.916117
1438	0.916117
1439	0.916117
1440	0.916117
1441	0.916117
1442	0.916117
1443	0.916117
1444	0.916117
1445	0.916117
1446	0.916117
1447	0.916117
1448	0.916117
1449	0.916117
1450	0.916117
1451	0.916117
1452	0.916117
1453	0.916117
1454	0.916117
1455	0.916117
1456	0.916117
1457	0.916117
1458	0.916117
1459	0.916117
1460	0.916117
1461	0.916117
1462	0.916117
1463	0.916117
1464	0.916117
1465	0.916117
1466	0.916117
1467	0.916117
1468	0.916117
1469	0.916117
1470	0.916117
1471	0.916117
1472	0.916117
1473	0.916117
1474	0.916117
1475	0.916117
1476	0.916117
1477	0.916117
1478	0.916117
1479	0.916117
1480	0.916117
1481	0.916117
1482	0.916117
1483	0.916117
1484	0.916117
1485	0.916117
1486	0.916117
1487	0.916117
1488	0.916117
1489	0.916117
1490	0.916117
1491	0.916117
1492	0.916117
1493	0.916117
1494	0.916117
1495	0.916117
1496	0.916117
1497	0.916117
1498	0.916117
1499	0.916117
1500	0.916117
1501	0.916117
1502	0.916117
1503	0.916117
1504	0.916117
1505	0.916117
1506	0.916117
1507	0.916117
1508	0.916117
1509	0.916117
1510	0.916117
1511	0.916117
1512	0.916117
1513	0.916117
1514	0.916117
1515	0.916117
1516	0.916117
1517	0.916117
1518	0.916117
1519	0.916117
1520	0.916117
1521	0.916117
1522	0.916117
1523	0.916117
1524	0.916117
1525	0.916117
1526	0.916117
1527	0.916117
1528	0.916117
1529	0.916117
1530	0.916117
1531	0.916117
1532	0.916117
1533	0.916117
1534	0.916117
1535	0.916117
1536	0.916117
1537	0.916117
1538	0.916117
1539	0.916117
1540	0.916117
1541	0.916117
1542	0.916117
1543	0.916117
1544	0.916117
1545	0.916117
1546	0.916117
1547	0.916117
1548	0.916117
1549	0.916117
1550	0.916117
1551	0.916117
1552	0.916117
1553	0.916117
1554	0.916117
1555	0.916117
1556	0.916117
1557	0.916117
1558	0.916117
1559	0.916117
1560	0.916117
1561	0.916117
1562	0.916117
1563	0.916117
1564	0.916117
1565	0.916117
1566	0.916117
1567	0.916117
1568	0.916117
1569	0.916117
1570	0.916117
1571	0.916117
1572	0.916117
1573	0.916117
1574	0.916117
1575	0.916117
1576	0.916117
1577	0.916117
1578	0.916117
1579	0.916117
1580	0.916117
1581	0.916117
1582	0.916117
1583	0.916117
1584	0.916117
1585	0.916117
1586	0.916117
1587	0.916117
1588	0.916117
1589	0.916117
1590	0.916117
1591	0.916117
1592	0.916117
1593	0.916117
1594	0.916117
1595	0.916117
1596	0.916117
1597	0.916117
1598	0.916117
1599	0.916117
1600	0.916117
1601	0.916117
1602	0.916117
1603	0.916117
1604	0.916117
1605	0.916117
1606	0.916117
1607	0.916117
1608	0.916117
1609	0.916117
1610	0.916117
1611	0.916117
1612	0.916117
1613	0.916117
1614	0.916117
1615	0.916117
1616	0.916117
1617	0.916117
1618	0.916117
1619	0.916117
1620	0.916117
1621	0.916117
1622	0.916117
1623	0.916117
1624	0.916117
1625	0.916117
1626	0.916117
1627	0.916117
1628	0.916117
1629	0.916117
1630	0.916117
1631	0.916117
1632	0.916117
1633	0.916117
1634	0.916117
1635	0.916117
1636	0.916117
1637	0.916117
1638	0.916117
1639	0.916117
1640	0.916117
1641	0.916117
1642	0.916117
1643	0.916117
1644	0.916117
1645	0.916117
1646	0.916117
1647	0.916117
1648	0.916117
1649	0.916117
1650	0.916117
1651	0.916117
1652	0.916117
1653	0.916117
1654	0.916117
1655	0.916117
1656	0.916117
1657	0.916117
1658	0.916117
1659	0.916117
1660	0.916117
1661	0.916117
1662	0.916117
1663	0.916117
1664	0.916117
1665	0.916117
1666	0.916117
1667	0.916117
1668	0.916117
1669	0.916117
1670	0.916117
1671	0.916117
1672	0.916117
1673	0.916117
1674	0.916117
1675	0.916117
1676	0.916117
1677	0.916117
1678	0.916117
1679	0.916117
1680	0.916117
1681	0.916117
1682	0.916117
1683	0.916117
1684	0.916117
1685	0.916117
1686	0.916117
1687	0.916117
1688	0.916117
1689	0.916117
1690	0.916117
1691	0.916117
1692	0.916117
1693	0.916117
1694	0.916117
1695	0.916117
1696	0.916117
1697	0.916117
1698	0.916117
1699	0.916117
1700	0.916117
1701	0.916117
1702	0.916117
1703	0.916117
1704	0.916117
1705	0.916117
1706	0.916117
1707	0.916117
1708	0.916117
1709	0.916117
1710	0.916117
1711	0.916117
1712	0.916117
1713	0.916117
1714	0.916117
1715	0.916117
1716	0.916117
1717	0.916117
1718	0.916117
1719	0.916117
1720	0.916117
1721	0.916117
1722	0.916117
1723	0.916117
1724	0.916117
1725	0.916117
1726	0.916117
1727	0.916117
1728	0.916117
1729	0.916117
1730	0.916117
1731	0.916117
1732	0.916117
1733	0.916117
1734	0.916117
1735	0.916117
1736	0.916117
1737	0.916117
1738	0.916117
1739	0.916117
1740	0.916117
1741	0.916117
1742	0.916117
1743	0.916117
1744	0.916117
1745	0.916117
1746	0.916117
1747	0.916117
1748	0.916117
1749	0.916117
1750	0.916117
1751	0.916117
1752	0.916117
1753	0.916117
1754	0.916117
1755	0.916117
1756	0.916117
1757	0.916117
1758	0.916117
1759	0.916117
1760	0.916117
1761	0.916117
1762	0.916117
1763	0.916117
1764	0.916117
1765	0.916117
1766	0.916117
1767	0.916117
1768	0.916117
1769	0.916117
1770	0.916117
1771	0.916117
1772	0.916117
1773	0.916117
1774	0.916117
1775	0.916117
1776	0.916117
1777	0.916117
1778	0.916117
1779	0.916117
1780	0.916117
1781	0.916117
1782	0.916117
1783	0.916117
1784	0.916117
1785	0.916117
1786	0.916117
1787	0.916117
1788	0.916117
1789	0.916117
1790	0.916117
1791	0.916117
1792	0.916117
1793	0.916117
1794	0.916117
1795	0.916117
1796	0.916117
1797	0.916117
1798	0.916117
1799	0.916117
1800	0.916117
1801	0.916117
1802	0.916117
1803	0.916117
1804	0.916117
1805	0.916117
1806	0.916117
1807	0.916117
1808	0.916117
1809	0.916117
1810	0.916117
1811	0.916117
1812	0.916117
1813	0.916117
1814	0.916117
1815	0.916117
1816	0.916117
1817	0.916117
1818	0.916117
1819	0.916117
1820	0.916117
1821	0.916117
1822	0.916117
1823	0.916117
1824	0.916117
1825	0.916117
1826	0.916117
1827	0.916117
1828	0.916117
1829	0.916117
1830	0.916117
1831	0.916117
1832	0.916117
1833	0.916117
1834	0.916117
1835	0.916117
1836	0.916117
1837	0.916117
1838	0.916117
1839	0.916117
1840	0.916117
1841	0.916117
1842	0.916117
1843	0.916117
1844	0.916117
1845	0.916117
1846	0.916117
1847	0.916117
1848	0.916117
1849	0.916117
1850	0.916117
1851	0.916117
1852	0.916117
1853	0.916117
1854	0.916117
1855	0.916117
1856	0.916117
1857	0.916117
1858	0.916117
1859	0.916117
1860	0.916117
1861	0.916117
1862	0.916117
1863	0.916117
1864	0.916117
1865	0.916117
1866	0.916117
1867	0.916117
1868	0.916117
1869	0.916117
1870	0.916117
1871	0.916117
1872	0.916117
1873	0.916117
1874	0.916117
1875	0.916117
1876	0.916117
1877	0.916117
1878	0.916117
1879	0.916117
1880	0.916117
1881	0.916117
1882	0.916117
1883	0.916117
1884	0.916117
1885	0.916117
1886	0.916117
1887	0.916117
1888	0.916117
1889	0.916117
1890	0.916117
1891	0.916117
1892	0.916117
1893	0.916117
1894	0.916117
1895	0.916117
1896	0.916117
1897	0.916117
1898	0.916117
1899	0.916117
1900	0.916117
1901	0.916117
1902	0.916117
1903	0.916117
1904	0.916117
1905	0.916117
1906	0.916117
1907	0.916117
1908	0.916117
1909	0.916117
1910	0.916117
1911	0.916117
1912	0.916117
1913	0.916117
1914	0.916117
1915	0.916117
1916	0.916117
1917	0.916117
1918	0.916117
1919	0.916117
1920	0.916117
1921	0.916117
1922	0.916117
1923	0.916117
1924	0.916117
1925	0.916117
1926	0.916117
1927	0.916117
1928	0.916117
1929	0.916117
1930	0.916117
1931	0.916117
1932	0.916117
1933	0.916117
1934	0.916117
1935	0.916117
1936	0.916117
1937	0.916117
1938	0.916117
1939	0.916117
1940	0.916117
1941	0.916117
1942	0.916117
1943	0.916117
1944	0.916117
1945	0.916117
1946	0.916117
1947	0.916117
1948	0.916117
1949	0.916117
1950	0.916117
1951	0.916117
1952	0.916117
1953	0.916117
1954	0.916117
1955	0.916117
1956	0.916117
1957	0.916117
1958	0.916117
1959	0.916117
1960	0.916117
1961	0.916117
1962	0.916117
1963	0.916117
1964	0.916117
1965	0.916117
1966	0.916117
1967	0.916117
1968	0.916117
1969	0.916117
1970	0.916117
1971	0.916117
1972	0.916117
1973	0.916117
1974	0.916117
1975	0.916117
1976	0.916117
1977	0.916117
1978	0.916117
1979	0.916117
1980	0.916117
1981	0.916117
1982	0.916117
1983	0.916117
1984	0.916117
1985	0.916117
1986	0.916117
1987	0.916117
1988	0.916117
1989	0.916117
1990	0.916117
1991	0.916117
1992	0.916117
1993	0.916117
1994	0.916117
1995	0.916117
1996	0.916117
1997	0.916117
1998	0.916117
1999	0.916117
2000	0.916117
2001	0.916117
2002	0.916117
2003	0.916117
2004	0.916117
2005	0.916117
2006	0.916117
2007	0.916117
2008	0.916117
2009	0.916117
2010	0.916117
2011	0.916117
2012	0.916117
2013	0.916117
2014	0.916117
2015	0.916117
2016	0.916117
2017	0.916117
2018	0.916117
2019	0.916117
2020	0.916117
2021	0.916117
2022	0.916117
2023	0.916117
2024	0.916117
2025	0.916117
2026	0.916117
2027	0.916117
2028	0.916117
2029	0.916117
2030	0.916117
2031	0.916117
2032	0.916117
2033	0.916117
2034	0.916117
2035	0.916117
2036	0.916117
2037	0.916117
2038	0.916117
2039	0.916117
2040	0.916117
2041	0.916117
2042	0.916117
2043	0.916117
2044	0.916117
2045	0.916117
2046	0.916117
2047	0.916117
2048	0.916117
2049	0.916117
2050	0.916117
2051	0.916117
2052	0.916117
2053	0.916117
2054	0.916117
2055	0.916117
2056	0.916117
2057	0.916117
2058	0.916117
2059	0.916117
2060	0.916117
2061	0.916117
2062	0.916117
2063	0.916117
2064	0.916117
2065	0.916117
2066	0.916117
2067	0.916117
2068	0.916117
2069	0.916117
2070	0.916117
2071	0.916117
2072	0.916117
2073	0.916117
2074	0.916117
2075	0.916117
2076	0.916117
2077	0.916117
2078	0.916117
2079	0.916117
2080	0.916117
2081	0.916117
2082	0.916117
2083	0.916117
2084	0.916117
2085	0.916117
2086	0.916117
2087	0.916117
2088	0.916117
2089	0.916117
2090	0.916117
2091	0.916117
2092	0.916117
2093	0.916117
2094	0.916117
2095	0.916117
2096	0.916117
2097	0.916117
2098	0.916117
2099	0.916117
2100	0.916117
2101	0.916117
2102	0.916117
2103	0.916117
2104	0.916117
2105	0.916117
2106	0.916117
2107	0.916117
2108	0.916117
2109	0.916117
2110	0.916117
2111	0.916117
2112	0.916117
2113	0.916117
2114	0.916117
2115	0.916117
2116	0.916117
2117	0.916117
2118	0.916117
2119	0.916117
2120	0.916117
2121	0.916117
2122	0.916117
2123	0.916117
2124	0.916117
2125	0.916117
2126	0.916117
2127	0.916117
2128	0.916117
2129	0.916117
2130	0.916117
2131	0.916117
2132	0.916117
2133	0.916117
2134	0.916117
2135	0.916117
2136	0.916117
2137	0.916117
2138	0.916117
2139	0.916117
2140	0.916117
2141	0.916117
2142	0.916117
2143	0.916117
2144	0.916117
2145	0.916117
2146	0.916117
2147	0.916117
2148	0.916117
2149	0.916117
2150	0.916117
2151	0.916117
2152	0.916117
2153	0.916117
2154	0.916117
2155	0.916117
2156	0.916117
2157	0.916117
2158	0.916117
2159	0.916117
2160	0.916117
2161	0.916117
2162	0.916117
2163	0.916117
2164	0.916117
2165	0.916117
2166	0.916117
2167	0.916117
2168	0.916117
2169	0.916117
2170	0.916117
2171	0.916117
2172	0.916117
2173	0.916117
2174	0.916117
2175	0.916117
2176	0.916117
2177	0.916117
2178	0.916117
2179	0.916117
2180	0.916117
2181	0.916117
2182	0.916117
2183	0.916117
2184	0.916117
2185	0.916117
2186	0.916117
2187	0.916117
2188	0.916117
2189	0.916117
2190	0.916117
2191	0.916117
2192	0.916117
2193	0.916117
2194	0.916117
2195	0.916117
2196	0.916117
2197	0.916117
2198	0.916117
2199	0.916117
2200	0.916117
2201	0.916117
2202	0.916117
2203	0.916117
2204	0.916117
2205	0.916117
2206	0.916117
2207	0.916117
2208	0.916117
2209	0.916117
2210	0.916117
2211	0.916117
2212	0.916117
2213	0.916117
2214	0.916117
2215	0.916117
2216	0.916117
2217	0.916117
2218	0.916117
2219	0.916117
2220	0.916117
2221	0.916117
2222	0.916117
2223	0.916117
2224	0.916117
2225	0.916117
2226	0.916117
2227	0.916117
2228	0.916117
2229	0.916117
2230	0.916117
2231	0.916117
2232	0.916117
2233	0.916117
2234	0.916117
2235	0.916117
2236	0.916117
2237	0.916117
2238	0.916117
2239	0.916117
2240	0.916117
2241	0.916117
2242	0.916117
2243	0.916117
2244	0.916117
2245	0.916117
2246	0.916117
2247	0.916117
2248	0.916117
2249	0.916117
2250	0.916117
2251	0.916117
2252	0.916117
2253	0.916117
2254	0.916117
2255	0.916117
2256	0.916117
2257	0.916117
2258	0.916117
2259	0.916117
2260	0.916117
2261	0.916117
2262	0.916117
2263	0.916117
2264	0.916117
2265	0.916117
2266	0.916117
2267	0.916117
2268	0.916117
2269	0.916117
2270	0.916117
2271	0.916117
2272	0.916117
2273	0.916117
2274	0.916117
2275	0.916117
2276	0.916117
2277	0.916117
2278	0.916117
2279	0.916117
2280	0.916117
2281	0.916117
2282	0.916117
2283	0.916117
2284	0.916117
2285	0.916117
2286	0.916117
2287	0.916117
2288	0.916117
2289	0.916117
2290	0.916117
2291	0.916117
2292	0.916117
2293	0.916117
2294	0.916117
2295	0.916117
2296	0.916117
2297	0.916117
2298	0.916117
2299	0.916117
2300	0.916117
2301	0.916117
2302	0.916117
2303	0.916117
2304	0.916117
2305	0.916117
2306	0.916117
2307	0.916117
2308	0.916117
2309	0.916117
2310	0.916117
2311	0.916117
2312	0.916117
2313	0.916117
2314	0.916117
2315	0.916117
2316	0.916117
2317	0.916117
2318	0.916117
2319	0.916117
2320	0.916117
2321	0.916117
2322	0.916117
2323	0.916117
2324	0.916117
2325	0.916117
2326	0.916117
2327	0.916117
2328	0.916117
2329	0.916117
2330	0.916117
2331	0.916117
2332	0.916117
2333	0.916117
2334	0.916117
2335	0.916117
2336	0.916117
2337	0.916117
2338	0.916117
2339	0.916117
2340	0.916117
2341	0.916117
2342	0.916117
2343	0.916117
2344	0.916117
2345	0.916117
2346	0.916117
2347	0.916117
2348	0.916117
2349	0.916117
2350	0.916117
2351	0.916117
2352	0.916117
2353	0.916117
2354	0.916117
2355	0.916117
2356	0.916117
2357	0.916117
2358	0.916117
2359	0.916117
2360	0.916117
2361	0.916117
2362	0.916117
2363	0.916117
2364	0.916117
2365	0.916117
2366	0.916117
2367	0.916117
2368	0.916117
2369	0.916117
2370	0.916117
2371	0.916117
2372	0.916117
2373	0.916117
2374	0.916117
2375	0.916117
2376	0.916117
2377	0.916117
2378	0.916117
2379	0.916117
2380	0.916117
2381	0.916117
2382	0.916117
2383	0.916117
2384	0.916117
2385	0.916117
2386	0.916117
2387	0.916117
2388	0.916117
2389	0.916117
2390	0.916117
2391	0.916117
2392	0.916117
2393	0.916117
2394	0.916117
2395	0.916117
2396	0.916117
2397	0.916117
2398	0.916117
2399	0.916117
2400	0.916117
2401	0.916117
2402	0.916117
2403	0.916117
2404	0.916117
2405	0.916117
2406	0.916117
2407	0.916117
2408	0.916117
2409	0.916117
2410	0.916117
2411	0.916117
2412	0.916117
2413	0.916117
2414	0.916117
2415	0.916117
2416	0.916117
2417	0.916117
2418	0.916117
2419	0.916117
2420	0.916117
2421	0.916117
2422	0.916117
2423	0.916117
2424	0.916117
2425	0.916117
2426	0.916117
2427	0.916117
2428	0.916117
2429	0.916117
2430	0.916117
2431	0.916117
2432	0.916117
2433	0.916117
2434	0.916117
2435	0.916117
2436	0.916117
2437	0.916117
2438	0.916117
2439	0.916117
2440	0.916117
2441	0.916117
2442	0.916117
2443	0.916117
2444	0.916117
2445	0.916117
2446	0.916117
2447	0.916117
2448	0.916117
2449	0.916117
2450	0.916117
2451	0.916117
2452	0.916117
2453	0.916117
2454	0.916117
2455	0.916117
2456	0.916117
2457	0.916117
2458	0.916117
2459	0.916117
2460	0.916117
2461	0.916117
2462	0.916117
2463	0.916117
2464	0.916117
2465	0.916117
2466	0.916117
2467	0.916117
2468	0.916117
2469	0.916117
2470	0.916117
2471	0.916117
2472	0.916117
2473	0.916117
2474	0.916117
2475	0.916117
2476	0.916117
2477	0.916117
2478	0.916117
2479	0.916117
2480	0.916117
2481	0.916117
2482	0.916117
2483	0.916117
2484	0.916117
2485	0.916117
2486	0.916117
2487	0.916117
2488	0.916117
2489	0.916117
2490	0.916117
2491	0.916117
2492	0.916117
2493	0.916117
2494	0.916117
2495	0.916117
2496	0.916117
2497	0.916117
2498	0.916117
2499	0.916117
2500	0.916117
2501	0.916117
2502	0.916117
2503	0.916117
2504	0.916117
2505	0.916117
2506	0.916117
2507	0.916117
2508	0.916117
2509	0.916117
2510	0.916117
2511	0.916117
2512	0.916117
2513	0.916117
2514	0.916117
2515	0.916117
2516	0.916117
2517	0.916117
2518	0.916117
2519	0.916117
2520	0.916117
2521	0.916117
2522	0.916117
2523	0.916117
2524	0.916117
2525	0.916117
2526	0.916117
2527	0.916117
2528	0.916117
2529	0.916117
2530	0.916117
2531	0.916117
2532	0.916117
2533	0.916117
2534	0.916117
2535	0.916117
2536	0.916117
2537	0.916117
2538	0.916117
2539	0.916117
2540	0.916117
2541	0.916117
2542	0.916117
2543	0.916117
2544	0.916117
2545	0.916117
2546	0.916117
2547	0.916117
2548	0.916117
2549	0.916117
2550	0.916117
2551	0.916117
2552	0.916117
2553	0.916117
2554	0.916117
2555	0.916117
2556	0.916117
2557	0.916117
2558	0.916117
2559	0.916117
2560	0.916117
2561	0.916117
2562	0.916117
2563	0.916117
2564	0.916117
2565	0.916117
2566	0.916117
2567	0.916117
2568	0.916117
2569	0.916117
2570	0.916117
2571	0.916117
2572	0.916117
2573	0.916117
2574	0.916117
2575	0.916117
2576	0.916117
2577	0.916117
2578	0.916117
2579	0.916117
2580	0.916117
2581	0.916117
2582	0.916117
2583	0.916117
2584	0.916117
2585	0.916117
2586	0.916117
2587	0.916117
2588	0.916117
2589	0.916117
2590	0.916117
2591	0.916117
2592	0.916117
2593	0.916117
2594	0.916117
2595	0.916117
2596	0.916117
2597	0.916117
2598	0.916117
2599	0.916117
2600	0.916117
2601	0.916117
2602	0.916117
2603	0.916117
2604	0.916117
2605	0.916117
2606	0.916117
2607	0.916117
2608	0.916117
2609	0.916117
2610	0.916117
2611	0.916117
2612	0.916117
2613	0.916117
2614	0.916117
2615	0.916117
2616	0.916117
2617	0.916117
2618	0.916117
2619	0.916117
2620	0.916117
2621	0.916117
2622	0.916117
2623	0.916117
2624	0.916117
2625	0.916117
2626	0.916117
2627	0.916117
2628	0.916117
2629	0.916117
2630	0.916117
2631	0.916117
2632	0.916117
2633	0.916117
2634	0.916117
2635	0.916117
2636	0.916117
2637	0.916117
2638	0.916117
2639	0.916117
2640	0.916117
2641	0.916117
2642	0.916117
2643	0.916117
2644	0.916117
2645	0.916117
2646	0.916117
2647	0.916117
2648	0.916117
2649	0.916117
2650	0.916117
2651	0.916117
2652	0.916117
2653	0.916117
2654	0.916117
2655	0.916117
2656	0.916117
2657	0.916117
2658	0.916117
2659	0.916117
2660	0.916117
2661	0.916117
2662	0.916117
2663	0.916117
2664	0.916117
2665	0.916117
2666	0.916117
2667	0.916117
2668	0.916117
2669	0.916117
2670	0.916117
2671	0.916117
2672	0.916117
2673	0.916117
2674	0.916117
2675	0.916117
2676	0.916117
2677	0.916117
2678	0.916117
2679	0.916117
2680	0.916117
2681	0.916117
2682	0.916117
2683	0.916117
2684	0.916117
2685	0.916117
2686	0.916117
2687	0.916117
2688	0.916117
2689	0.916117
2690	0.916117
2691	0.916117
2692	0.916117
2693	0.916117
2694	0.916117
2695	0.916117
2696	0.916117
2697	0.916117
2698	0.916117
2699	0.916117
2700	0.916117
2701	0.916117
2702	0.916117
2703	0.916117
2704	0.916117
2705	0.916117
2706	0.916117
2707	0.916117
2708	0.916117
2709	0.916117
2710	0.916117
2711	0.916117
2712	0.916117
2713	0.916117
2714	0.916117
2715	0.916117
2716	0.916117
2717	0.916117
2718	0.916117
2719	0.916117
2720	0.916117
2721	0.916117
2722	0.916117
2723	0.916117
2724	0.916117
2725	0.916117
2726	0.916117
2727	0.916117
2728	0.916117
2729	0.916117
2730	0.916117
2731	0.916117
2732	0.916117
2733	0.916117
2734	0.916117
2735	0.916117
2736	0.916117
2737	0.916117
2738	0.916117
2739	0.916117
2740	0.916117
2741	0.916117
2742	0.916117
2743	0.916117
2744	0.916117
2745	0.916117
2746	0.916117
2747	0.916117
2748	0.916117
2749	0.916117
2750	0.916117
2751	0.916117
2752	0.916117
2753	0.916117
2754	0.916117
2755	0.916117
2756	0.916117
2757	0.916117
2758	0.916117
2759	0.916117
2760	0.916117
2761	0.916117
2762	0.916117
2763	0.916117
2764	0.916117
2765	0.916117
2766	0.916117
2767	0.916117
2768	0.916117
2769	0.916117
2770	0.916117
2771	0.916117
2772	0.916117
2773	0.916117
2774	0.916117
2775	0.916117
2776	0.916117
2777	0.916117
2778	0.916117
2779	0.916117
2780	0.916117
2781	0.916117
2782	0.916117
2783	0.916117
2784	0.916117
2785	0.916117
2786	0.916117
2787	0.916117
2788	0.916117
2789	0.916117
2790	0.916117
2791	0.916117
2792	0.916117
2793	0.916117
2794	0.916117
2795	0.916117
2796	0.916117
2797	0.916117
2798	0.916117
2799	0.916117
2800	0.916117
2801	0.916117
2802	0.916117
2803	0.916117
2804	0.916117
2805	0.916117
2806	0.916117
2807	0.916117
2808	0.916117
2809	0.916117
2810	0.916117
2811	0.916117
2812	0.916117
2813	0.916117
2814	0.916117
2815	0.916117
2816	0.916117
2817	0.916117
2818	0.916117
2819	0.916117
2820	0.916117
2821	0.916117
2822	0.916117
2823	0.916117
2824	0.916117
2825	0.916117
2826	0.916117
2827	0.916117
2828	0.916117
2829	0.916117
2830	0.916117
2831	0.916117
2832	0.916117
2833	0.916117
2834	0.916117
2835	0.916117
2836	0.916117
2837	0.916117
2838	0.916117
2839	0.916117
2840	0.916117
2841	0.916117
2842	0.916117
2843	0.916117
2844	0.916117
2845	0.916117
2846	0.916117
2847	0.916117
2848	0.916117
2849	0.916117
2850	0.916117
2851	0.916117
2852	0.916117
2853	0.916117
2854	0.916117
2855	0.916117
2856	0.916117
2857	0.916117
2858	0.916117
2859	0.916117
2860	0.916117
2861	0.916117
2862	0.916117
2863	0.916117
2864	0.916117
2865	0.916117
2866	0.916117
2867	0.916117
2868	0.916117
2869	0.916117
2870	0.916117
2871	0.916117
2872	0.916117
2873	0.916117
2874	0.916117
2875	0.916117
2876	0.916117
2877	0.916117
2878	0.916117
2879	0.916117
2880	0.916117
2881	0.916117
2882	0.916117
2883	0.916117
2884	0.916117
2885	0.916117
2886	0.916117
2887	0.916117
2888	0.916117
2889	0.916117
2890	0.916117
2891	0.916117
2892	0.916117
2893	0.916117
2894	0.916117
2895	0.916117
2896	0.916117
2897	0.916117
2898	0.916117
2899	0.916117
2900	0.916117
2901	0.916117
2902	0.916117
2903	0.916117
2904	0.916117
2905	0.916117
2906	0.916117
2907	0.916117
2908	0.916117
2909	0.916117
2910	0.916117
2911	0.916117
2912	0.916117
2913	0.916117
2914	0.916117
2915	0.916117
2916	0.916117
2917	0.916117
2918	0.916117
2919	0.916117
2920	0.916117
2921	0.916117
2922	0.916117
2923	0.916117
2924	0.916117
2925	0.916117
2926	0.916117
2927	0.916117
2928	0.916117
2929	0.916117
2930	0.916117
2931	0.916117
2932	0.916117
2933	0.916117
2934	0.916117
2935	0.916117
2936	0.916117
2937	0.916117
2938	0.916117
2939	0.916117
2940	0.916117
2941	0.916117
2942	0.916117
2943	0.916117
2944	0.916117
2945	0.916117
2946	0.916117
2947	0.916117
2948	0.916117
2949	0.916117
2950	0.916117
2951	0.916117
2952	0.916117
2953	0.916117
2954	0.916117
2955	0.916117
2956	0.916117
2957	0.916117
2958	0.916117
2959	0.916117
2960	0.916117
2961	0.916117
2962	0.916117
2963	0.916117
2964	0.916117
2965	0.916117
2966	0.916117
2967	0.916117
2968	0.916117
2969	0.916117
2970	0.916117
2971	0.916117
2972	0.916117
2973	0.916117
2974	0.916117
2975	0.916117
2976	0.916117
2977	0.916117
2978	0.916117
2979	0.916117
2980	0.916117
2981	0.916117
2982	0.916117
2983	0.916117
2984	0.916117
2985	0.916117
2986	0.916117
2987	0.916117
2988	0.916117
2989	0.916117
2990	0.916117
2991	0.916117
2992	0.916117
2993	0.916117
2994	0.916117
2995	0.916117
2996	0.916117
2997	0.916117
2998	0.916117
2999	0.916117
3000	0.916117
3001	0.916117
3002	0.916117
3003	0.916117
3004	0.916117
3005	0.916117
3006	0.916117
3007	0.916117
3008	0.916117
3009	0.916117
3010	0.916117
3011	0.916117
3012	0.916117
3013	0.916117
3014	0.916117
3015	0.916117
3016	0.916117
3017	0.916117
3018	0.916117
3019	0.916117
3020	0.916117
3021	0.916117
3022	0.916117
3023	0.916117
3024	0.916117
3025	0.916117
3026	0.916117
3027	0.916117
3028	0.916117
3029	0.916117
3030	0.916117
3031	0.916117
3032	0.916117
3033	0.916117
3034	0.916117
3035	0.916117
3036	0.916117
3037	0.916117
3038	0.916117
3039	0.916117
3040	0.916117
3041	0.916117
3042	0.916117
3043	0.916117
3044	0.916117
3045	0.916117
3046	0.916117
3047	0.916117
3048	0.916117
3049	0.916117
3050	0.916117
3051	0.916117
3052	0.916117
3053	0.916117
3054	0.916117
3055	0.916117
3056	0.916117
3057	0.916117
3058	0.916117
3059	0.916117
3060	0.916117
3061	0.916117
3062	0.916117
3063	0.916117
3064	0.916117
3065	0.916117
3066	0.916117
3067	0.916117
3068	0.916117
3069	0.916117
3070	0.916117
3071	0.916117
3072	0.916117
3073	0.916117
3074	0.916117
3075	0.916117
3076	0.916117
3077	0.916117
3078	0.916117
3079	0.916117
3080	0.916117
3081	0.916117
3082	0.916117
3083	0.916117
3084	0.916117
3085	0.916117
3086	0.916117
3087	0.916117
3088	0.916117
3089	0.916117
3090	0.916117
3091	0.916117
3092	0.916117
3093	0.916117
3094	0.916117
3095	0.916117
3096	0.916117
3097	0.916117
3098	0.916117
3099	0.916117
3100	0.916117
3101	0.916117
3102	0.916117
3103	0.916117
3104	0.916117
3105	0.916117
3106	0.916117
3107	0.916117
3108	0.916117
3109	0.916117
3110	0.916117
3111	0.916117
3112	0.916117
3113	0.916117
3114	0.916117
3115	0.916117
3116	0.916117
3117	0.916117
3118	0.916117
3119	0.916117
3120	0.916117
3121	0.916117
3122	0.916117
3123	0.916117
3124	0.916117
3125	0.916117
3126	0.916117
3127	0.916117
3128	0.916117
3129	0.916117
3130	0.916117
3131	0.916117
3132	0.916117
3133	0.916117
3134	0.916117
3135	0.916117
3136	0.916117
3137	0.916117
3138	0.916117
3139	0.916117
3140	0.916117
3141	0.916117
3142	0.916117
3143	0.916117
3144	0.916117
3145	0.916117
3146	0.916117
3147	0.916117
3148	0.916117
3149	0.916117
3150	0.916117
3151	0.916117
3152	0.916117
3153	0.916117
3154	0.916117
3155	0.916117
3156	0.916117
3157	0.916117
3158	0.916117
3159	0.916117
3160	0.916117
3161	0.916117
3162	0.916117
3163	0.916117
3164	0.916117
3165	0.916117
3166	0.916117
3167	0.916117
3168	0.916117
3169	0.916117
3170	0.916117
3171	0.916117
3172	0.916117
3173	0.916117
3174	0.916117
3175	0.916117
3176	0.916117
3177	0.916117
3178	0.916117
3179	0.916117
3180	0.916117
3181	0.916117
3182	0.916117
3183	0.916117
3184	0.916117
3185	0.916117
3186	0.916117
3187	0.916117
3188	0.916117
3189	0.916117
3190	0.916117
3191	0.916117
3192	0.916117
3193	0.916117
3194	0.916117
3195	0.916117
3196	0.916117
3197	0.916117
3198	0.916117
3199	0.916117
3200	0.916117
3201	0.916117
3202	0.916117
3203	0.916117
3204	0.916117
3205	0.916117
3206	0.916117
3207	0.916117
3208	0.916117
3209	0.916117
3210	0.916117
3211	0.916117
3212	0.916117
3213	0.916117
3214	0.916117
3215	0.916117
3216	0.916117
3217	0.916117
3218	0.916117
3219	0.916117
3220	0.916117
3221	0.916117
3222	0.916117
3223	0.916117
3224	0.916117
3225	0.916117
3226	0.916117
3227	0.916117
3228	0.916117
3229	0.916117
3230	0.916117
3231	0.916117
3232	0.916117
3233	0.916117
3234	0.916117
3235	0.916117
3236	0.916117
3237	0.916117
3238	0.916117
3239	0.916117
3240	0.916117
3241	0.916117
3242	0.916117
3243	0.916117
3244	0.916117
3245	0.916117
3246	0.916117
3247	0.916117
3248	0.916117
3249	0.916117
3250	0.916117
3251	0.916117
3252	0.916117
3253	0.916117
3254	0.916117
3255	0.916117
3256	0.916117
3257	0.916117
3258	0.916117
3259	0.916117
3260	0.916117
3261	0.916117
3262	0.916117
3263	0.916117
3264	0.916117
3265	0.916117
3266	0.916117
3267	0.916117
3268	0.916117
3269	0.916117
3270	0.916117
3271	0.916117
3272	0.916117
3273	0.916117
3274	0.916117
3275	0.916117
3276	0.916117
3277	0.916117
3278	0.916117
3279	0.916117
3280	0.916117
3281	0.916117
3282	0.916117
3283	0.916117
3284	0.916117
3285	0.916117
3286	0.916117
3287	0.916117
3288	0.916117
3289	0.916117
3290	0.916117
3291	0.916117
3292	0.916117
3293	0.916117
3294	0.916117
3295	0.916117
3296	0.916117
3297	0.916117
3298	0.916117
3299	0.916117
3300	0.916117
3301	0.916117
3302	0.916117
3303	0.916117
3304	0.916117
3305	0.916117
3306	0.916117
3307	0.916117
3308	0.916117
3309	0.916117
3310	0.916117
3311	0.916117
3312	0.916117
3313	0.916117
3314	0.916117
3315	0.916117
3316	0.916117
3317	0.916117
3318	0.916117
3319	0.916117
3320	0.916117
3321	0.916117
3322	0.916117
3323	0.916117
3324	0.916117
3325	0.916117
3326	0.916117
3327	0.916117
3328	0.916117
3329	0.916117
3330	0.916117
3331	0.916117
3332	0.916117
3333	0.916117
3334	0.916117
3335	0.916117
3336	0.916117
3337	0.916117
3338	0.916117
3339	0.916117
3340	0.916117
3341	0.916117
3342	0.916117
3343	0.916117
3344	0.916117
3345	0.916117
3346	0.916117
3347	0.916117
3348	0.916117
3349	0.916117
3350	0.916117
3351	0.916117
3352	0.916117
3353	0.916117
3354	0.916117
3355	0.916117
3356	0.916117
3357	0.916117
3358	0.916117
3359	0.916117
3360	0.916117
3361	0.916117
3362	0.916117
3363	0.916117
3364	0.916117
3365	0.916117
3366	0.916117
3367	0.916117
3368	0.916117
3369	0.916117
3370	0.916117
3371	0.916117
3372	0.916117
3373	0.916117
3374	0.916117
3375	0.916117
3376	0.916117
3377	0.916117
3378	0.916117
3379	0.916117
3380	0.916117
3381	0.916117
3382	0.916117
3383	0.916117
3384	0.916117
3385	0.916117
3386	0.916117
3387	0.916117
3388	0.916117
3389	0.916117
3390	0.916117
3391	0.916117
3392	0.916117
3393	0.916117
3394	0.916117
3395	0.916117
3396	0.916117
3397	0.916117
3398	0.916117
3399	0.916117
3400	0.916117
3401	0.916117
3402	0.916117
3403	0.916117
3404	0.916117
3405	0.916117
3406	0.916117
3407	0.916117
3408	0.916117
3409	0.916117
3410	0.916117
3411	0.916117
3412	0.916117
3413	0.916117
3414	0.916117
3415	0.916117
3416	0.916117
3417	0.916117
3418	0.916117
3419	0.916117
3420	0.916117
3421	0.916117
3422	0.916117
3423	0.916117
3424	0.916117
3425	0.916117
3426	0.916117
3427	0.916117
3428	0.916117
3429	0.916117
3430	0.916117
3431	0.916117
3432	0.916117
3433	0.916117
3434	0.916117
3435	0.916117
3436	0.916117
3437	0.916117
3438	0.916117
3439	0.916117
3440	0.916117
3441	0.916117
3442	0.916117
3443	0.916117
3444	0.916117
3445	0.916117
3446	0.916117
3447	0.916117
3448	0.916117
3449	0.916117
3450	0.916117
3451	0.916117
3452	0.916117
3453	0.916117
3454	0.916117
3455	0.916117
3456	0.916117
3457	0.916117
3458	0.916117
3459	0.916117
3460	0.916117
3461	0.916117
3462	0.916117
3463	0.916117
3464	0.916117
3465	0.916117
3466	0.916117
3467	0.916117
3468	0.916117
3469	0.916117
3470	0.916117
3471	0.916117
3472	0.916117
3473	0.916117
3474	0.916117
3475	0.916117
3476	0.916117
3477	0.916117
3478	0.916117
3479	0.916117
3480	0.916117
3481	0.916117
3482	0.916117
3483	0.916117
3484	0.916117
3485	0.916117
3486	0.916117
3487	0.916117
3488	0.916117
3489	0.916117
3490	0.916117
3491	0.916117
3492	0.916117
3493	0.916117
3494	0.916117
3495	0.916117
3496	0.916117
3497	0.916117
3498	0.916117
3499	0.916117
3500	0.916117
3501	0.916117
3502	0.916117
3503	0.916117
3504	0.916117
3505	0.916117
3506	0.916117
3507	0.916117
3508	0.916117
3509	0.916117
3510	0.916117
3511	0.916117
3512	0.916117
3513	0.916117
3514	0.916117
3515	0.916117
3516	0.916117
3517	0.916117
3518	0.916117
3519	0.916117
3520	0.916117
3521	0.916117
3522	0.916117
3523	0.916117
3524	0.916117
3525	0.916117
3526	0.916117
3527	0.916117
3528	0.916117
3529	0.916117
3530	0.916117
3531	0.916117
3532	0.916117
3533	0.916117
3534	0.916117
3535	0.916117
3536	0.916117
3537	0.916117
3538	0.916117
3539	0.916117
3540	0.916117
3541	0.916117
3542	0.916117
3543	0.916117
3544	0.916117
3545	0.916117
3546	0.916117
3547	0.916117
3548	0.916117
3549	0.916117
3550	0.916117
3551	0.916117
3552	0.916117
3553	0.916117
3554	0.916117
3555	0.916117
3556	0.916117
3557	0.916117
3558	0.916117
3559	0.916117
3560	0.916117
3561	0.916117
3562	0.916117
3563	0.916117
3564	0.916117
3565	0.916117
3566	0.916117
3567	0.916117
3568	0.916117
3569	0.916117
3570	0.916117
3571	0.916117
3572	0.916117
3573	0.916117
3574	0.916117
3575	0.916117
3576	0.916117
3577	0.916117
3578	0.916117
3579	0.916117
3580	0.916117
3581	0.916117
3582	0.916117
3583	0.916117
3584	0.916117
3585	0.916117
3586	0.916117
3587	0.916117
3588	0.916117
3589	0.916117
3590	0.916117
3591	0.916117
3592	0.916117
3593	0.916117
3594	0.916117
3595	0.916117
3596	0.916117
3597	0.916117
3598	0.916117
3599	0.916117
3600	0.916117
3601	0.916117
3602	0.916117
3603	0.916117
3604	0.916117
3605	0.916117
3606	0.916117
3607	0.916117
3608	0.916117
3609	0.916117
3610	0.916117
3611	0.916117
3612	0.916117
3613	0.916117
3614	0.916117
3615	0.916117
3616	0.916117
3617	0.916117
3618	0.916117
3619	0.916117
3620	0.916117
3621	0.916117
3622	0.916117
3623	0.916117
3624	0.916117
3625	0.916117
3626	0.916117
3627	0.916117
3628	0.916117
3629	0.916117
3630	0.916117
3631	0.916117
3632	0.916117
3633	0.916117
3634	0.916117
3635	0.916117
3636	0.916117
3637	0.916117
3638	0.916117
3639	0.916117
3640	0.916117
3641	0.916117
3642	0.916117
3643	0.916117
3644	0.916117
3645	0.916117
3646	0.916117
3647	0.916117
3648	0.916117
3649	0.916117
3650	0.916117
3651	0.916117
3652	0.916117
3653	0.916117
3654	0.916117
3655	0.916117
3656	0.916117
3657	0.916117
3658	0.916117
3659	0.916117
3660	0.916117
3661	0.916117
3662	0.916117
3663	0.916117
3664	0.916117
3665	0.916117
3666	0.916117
3667	0.916117
3668	0.916117
3669	0.916117
3670	0.916117
3671	0.916117
3672	0.916117
3673	0.916117
3674	0.916117
3675	0.916117
3676	0.916117
3677	0.916117
3678	0.916117
3679	0.916117
3680	0.916117
3681	0.916117
3682	0.916117
3683	0.916117
3684	0.916117
3685	0.916117
3686	0.916117
3687	0.916117
3688	0.916117
3689	0.916117
3690	0.916117
3691	0.916117
3692	0.916117
3693	0.916117
3694	0.916117
3695	0.916117
3696	0.916117
3697	0.916117
3698	0.916117
3699	0.916117
3700	0.916117
3701	0.916117
3702	0.916117
3703	0.916117
3704	0.916117
3705	0.916117
3706	0.916117
3707	0.916117
3708	0.916117
3709	0.916117
3710	0.916117
3711	0.916117
3712	0.916117
3713	0.916117
3714	0.916117
3715	0.916117
3716	0.916117
3717	0.916117
3718	0.916117
3719	0.916117
3720	0.916117
3721	0.916117
3722	0.916117
3723	0.916117
3724	0.916117
3725	0.916117
3726	0.916117
3727	0.916117
3728	0.916117
3729	0.916117
3730	0.916117
3731	0.916117
3732	0.916117
3733	0.916117
3734	0.916117
3735	0.916117
3736	0.916117
3737	0.916117
3738	0.916117
3739	0.916117
3740	0.916117
3741	0.916117
3742	0.916117
3743	0.916117
3744	0.916117
3745	0.916117
3746	0.916117
3747	0.916117
3748	0.916117
3749	0.916117
3750	0.916117
3751	0.916117
3752	0.916117
3753	0.916117
3754	0.916117
3755	0.916117
3756	0.916117
3757	0.916117
3758	0.916117
3759	0.916117
3760	0.916117
3761	0.916117
3762	0.916117
3763	0.916117
3764	0.916117
3765	0.916117
3766	0.916117
3767	0.916117
3768	0.916117
3769	0.916117
3770	0.916117
3771	0.916117
3772	0.916117
3773	0.916117
3774	0.916117
3775	0.916117
3776	0.916117
3777	0.916117
3778	0.916117
3779	0.916117
3780	0.916117
3781	0.916117
3782	0.916117
3783	0.916117
3784	0.916117
3785	0.916117
3786	0.916117
3787	0.916117
3788	0.916117
3789	0.916117
3790	0.916117
3791	0.916117
3792	0.916117
3793	0.916117
3794	0.916117
3795	0.916117
3796	0.916117
3797	0.916117
3798	0.916117
3799	0.916117
3800	0.916117
3801	0.916117
3802	0.916117
3803	0.916117
3804	0.916117
3805	0.916117
3806	0.916117
3807	0.916117
3808	0.916117
3809	0.916117
3810	0.916117
3811	0.916117
3812	0.916117
3813	0.916117
3814	0.916117
3815	0.916117
3816	0.916117
3817	0.916117
3818	0.916117
3819	0.916117
3820	0.916117
3821	0.916117
3822	0.916117
3823	0.916117
3824	0.916117
3825	0.916117
3826	0.916117
3827	0.916117
3828	0.916117
3829	0.916117
3830	0.916117
3831	0.916117
3832	0.916117
3833	0.916117
3834	0.916117
3835	0.916117
3836	0.916117
3837	0.916117
3838	0.916117
3839	0.916117
3840	0.916117
3841	0.916117
3842	0.916117
3843	0.916117
3844	0.916117
3845	0.916117
3846	0.916117
3847	0.916117
3848	0.916117
3849	0.916117
3850	0.916117
3851	0.916117
3852	0.916117
3853	0.916117
3854	0.916117
3855	0.916117
3856	0.916117
3857	0.916117
3858	0.916117
3859	0.916117
3860	0.916117
3861	0.916117
3862	0.916117
3863	0.916117
3864	0.916117
3865	0.916117
3866	0.916117
3867	0.916117
3868	0.916117
3869	0.916117
3870	0.916117
3871	0.916117
3872	0.916117
3873	0.916117
3874	0.916117
3875	0.916117
3876	0.916117
3877	0.916117
3878	0.916117
3879	0.916117
3880	0.916117
3881	0.916117
3882	0.916117
3883	0.916117
3884	0.916117
3885	0.916117
3886	0.916117
3887	0.916117
3888	0.916117
3889	0.916117
3890	0.916117
3891	0.916117
3892	0.916117
3893	0.916117
3894	0.916117
3895	0.916117
3896	0.916117
3897	0.916117
3898	0.916117
3899	0.916117
3900	0.916117
3901	0.916117
3902	0.916117
3903	0.916117
3904	0.916117
3905	0.916117
3906	0.916117
3907	0.916117
3908	0.916117
3909	0.916117
3910	0.916117
3911	0.916117
3912	0.916117
3913	0.916117
3914	0.916117
3915	0.916117
3916	0.916117
3917	0.916117
3918	0.916117
3919	0.916117
3920	0.916117
3921	0.916117
3922	0.916117
3923	0.916117
3924	0.916117
3925	0.916117
3926	0.916117
3927	0.916117
3928	0.916117
3929	0.916117
3930	0.916117
3931	0.916117
3932	0.916117
3933	0.916117
3934	0.916117
3935	0.916117
3936	0.916117
3937	0.916117
3938	0.916117
3939	0.916117
3940	0.916117
3941	0.916117
3942	0.916117
3943	0.916117
3944	0.916117
3945	0.916117
3946	0.916117
3947	0.916117
3948	0.916117
3949	0.916117
3950	0.916117
3951	0.916117
3952	0.916117
3953	0.916117
3954	0.916117
3955	0.916117
3956	0.916117
3957	0.916117
3958	0.916117
3959	0.916117
3960	0.916117
3961	0.916117
3962	0.916117
3963	0.916117
3964	0.916117
3965	0.916117
3966	0.916117
3967	0.916117
3968	0.916117
3969	0.916117
3970	0.916117
3971	0.916117
3972	0.916117
3973	0.916117
3974	0.916117
3975	0.916117
3976	0.916117
3977	0.916117
3978	0.916117
3979	0.916117
3980	0.916117
3981	0.916117
3982	0.916117
3983	0.916117
3984	0.916117
3985	0.916117
3986	0.916117
3987	0.916117
3988	0.916117
3989	0.916117
3990	0.916117
3991	0.916117
3992	0.916117
3993	0.916117
3994	0.916117
3995	0.916117
3996	0.916117
3997	0.916117
3998	0.916117
3999	0.916117
4000	0.916117
4001	0.916117
4002	0.916117
4003	0.916117
4004	0.916117
4005	0.916117
4006	0.916117
4007	0.916117
4008	0.916117
4009	0.916117
4010	0.916117
4011	0.916117
4012	0.916117
4013	0.916117
4014	0.916117
4015	0.916117
4016	0.916117
4017	0.916117
4018	0.916117
4019	0.916117
4020	0.916117
4021	0.916117
4022	0.916117
4023	0.916117
4024	0.916117
4025	0.916117
4026	0.916117
4027	0.916117
4028	0.916117
4029	0.916117
4030	0.916117
4031	0.916117
4032	0.916117
4033	0.916117
4034	0.916117
4035	0.916117
4036	0.916117
4037	0.916117
4038	0.916117
4039	0.916117
4040	0.916117
4041	0.916117
4042	0.916117
4043	0.916117
4044	0.916117
4045	0.916117
4046	0.916117
4047	0.916117
4048	0.916117
4049	0.916117
4050	0.916117
4051	0.916117
4052	0.916117
4053	0.916117
4054	0.916117
4055	0.916117
4056	0.916117
4057	0.916117
4058	0.916117
4059	0.916117
4060	0.916117
4061	0.916117
4062	0.916117
4063	0.916117
4064	0.916117
4065	0.916117
4066	0.916117
4067	0.916117
4068	0.916117
4069	0.916117
4070	0.916117
4071	0.916117
4072	0.916117
4073	0.916117
4074	0.916117
4075	0.916117
4076	0.916117
4077	0.916117
4078	0.916117
4079	0.916117
4080	0.916117
4081	0.916117
4082	0.916117
4083	0.916117
4084	0.916117
4085	0.916117
4086	0.916117
4087	0.916117
4088	0.916117
4089	0.916117
4090	0.916117
4091	0.916117
4092	0.916117
4093	0.916117
4094	0.916117
4095	0.916117
4096	0.916117
4097	0.916117
4098	0.916117
4099	0.916117
4100	0.916117
4101	0.916117
4102	0.916117
4103	0.916117
4104	0.916117
4105	0.916117
4106	0.916117
4107	0.916117
4108	0.916117
4109	0.916117
4110	0.916117
4111	0.916117
4112	0.916117
4113	0.916117
4114	0.916117
4115	0.916117
4116	0.916117
4117	0.916117
4118	0.916117
4119	0.916117
4120	0.916117
4121	0.916117
4122	0.916117
4123	0.916117
4124	0.916117
4125	0.916117
4126	0.916117
4127	0.916117
4128	0.916117
4129	0.916117
4130	0.916117
4131	0.916117
4132	0.916117
4133	0.916117
4134	0.916117
4135	0.916117
4136	0.916117
4137	0.916117
4138	0.916117
4139	0.916117
4140	0.916117
4141	0.916117
4142	0.916117
4143	0.916117
4144	0.916117
4145	0.916117
4146	0.916117
4147	0.916117
4148	0.916117
4149	0.916117
4150	0.916117
4151	0.916117
4152	0.916117
4153	0.916117
4154	0.916117
4155	0.916117
4156	0.916117
4157	0.916117
4158	0.916117
4159	0.916117
4160	0.916117
4161	0.916117
4162	0.916117
4163	0.916117
4164	0.916117
4165	0.916117
4166	0.916117
4167	0.916117
4168	0.916117
4169	0.916117
4170	0.916117
4171	0.916117
4172	0.916117
4173	0.916117
4174	0.916117
4175	0.916117
4176	0.916117
4177	0.916117
4178	0.916117
4179	0.916117
4180	0.916117
4181	0.916117
4182	0.916117
4183	0.916117
4184	0.916117
4185	0.916117
4186	0.916117
4187	0.916117
4188	0.916117
4189	0.916117
4190	0.916117
4191	0.916117
4192	0.916117
4193	0.916117
4194	0.916117
4195	0.916117
4196	0.916117
4197	0.916117
4198	0.916117
4199	0.916117
4200	0.916117
4201	0.916117
4202	0.916117
4203	0.916117
4204	0.916117
4205	0.916117
4206	0.916117
4207	0.916117
4208	0.916117
4209	0.916117
4210	0.916117
4211	0.916117
4212	0.916117
4213	0.916117
4214	0.916117
4215	0.916117
4216	0.916117
4217	0.916117
4218	0.916117
4219	0.916117
4220	0.916117
4221	0.916117
4222	0.916117
4223	0.916117
4224	0.916117
4225	0.916117
4226	0.916117
4227	0.916117
4228	0.916117
4229	0.916117
4230	0.916117
4231	0.916117
4232	0.916117
4233	0.916117
4234	0.916117
4235	0.916117
4236	0.916117
4237	0.916117
4238	0.916117
4239	0.916117
4240	0.916117
4241	0.916117
4242	0.916117
4243	0.916117
4244	0.916117
4245	0.916117
4246	0.916117
4247	0.916117
4248	0.916117
4249	0.916117
4250	0.916117
4251	0.916117
4252	0.916117
4253	0.916117
4254	0.916117
4255	0.916117
4256	0.916117
4257	0.916117
4258	0.916117
4259	0.916117
4260	0.918422
4261	0.918422
4262	0.918422
4263	0.918422
4264	0.918422
4265	0.918422
4266	0.918422
4267	0.918422
4268	0.918422
4269	0.918422
4270	0.918422
4271	0.918422
4272	0.918422
4273	0.918422
4274	0.918422
4275	0.918422
4276	0.918422
4277	0.918422
4278	0.918422
4279	0.918422
4280	0.918422
4281	0.918422
4282	0.918422
4283	0.918422
4284	0.918422
4285	0.918422
4286	0.918422
4287	0.918422
4288	0.918422
4289	0.918422
4290	0.918422
4291	0.918422
4292	0.918422
4293	0.918422
4294	0.918422
4295	0.918422
4296	0.918422
4297	0.918422
4298	0.918422
4299	0.918422
4300	0.918422
4301	0.918422
4302	0.918422
4303	0.918422
4304	0.918422
4305	0.918422
4306	0.918422
4307	0.918422
4308	0.918422
4309	0.918422
4310	0.918422
4311	0.918422
4312	0.918422
4313	0.918422
4314	0.918422
4315	0.918422
4316	0.918422
4317	0.918422
4318	0.918422
4319	0.918422
4320	0.918422
4321	0.918422
4322	0.918422
4323	0.918422
4324	0.918422
4325	0.918422
4326	0.918422
4327	0.918422
4328	0.918422
4329	0.918422
4330	0.918422
4331	0.918422
4332	0.918422
4333	0.918422
4334	0.918422
4335	0.918422
4336	0.918422
4337	0.918422
4338	0.918422
4339	0.918422
4340	0.918422
4341	0.918422
4342	0.918422
4343	0.918422
4344	0.918422
4345	0.918422
4346	0.918422
4347	0.918422
4348	0.918422
4349	0.918422
4350	0.918422
4351	0.918422
4352	0.918422
4353	0.918422
4354	0.918422
4355	0.918422
4356	0.918422
4357	0.918422
4358	0.918422
4359	0.918422
4360	0.918422
4361	0.918422
4362	0.918422
4363	0.918422
4364	0.918422
4365	0.918422
4366	0.918422
4367	0.918422
4368	0.918422
4369	0.918422
4370	0.918422
4371	0.918422
4372	0.918422
4373	0.918422
4374	0.918422
4375	0.918422
4376	0.918422
4377	0.918422
4378	0.918422
4379	0.918422
4380	0.918422
4381	0.918422
4382	0.918422
4383	0.918422
4384	0.918422
4385	0.918422
4386	0.918422
4387	0.918422
4388	0.918422
4389	0.918422
4390	0.918422
4391	0.918422
4392	0.918422
4393	0.918422
4394	0.918422
4395	0.918422
4396	0.918422
4397	0.918422
4398	0.918422
4399	0.918422
4400	0.918422
4401	0.918422
4402	0.918422
4403	0.918422
4404	0.918422
4405	0.918422
4406	0.918422
4407	0.918422
4408	0.918422
4409	0.918422
4410	0.918422
4411	0.918422
4412	0.918422
4413	0.918422
4414	0.918422
4415	0.918422
4416	0.918422
4417	0.918422
4418	0.918422
4419	0.918422
4420	0.918422
4421	0.918422
4422	0.918422
4423	0.918422
4424	0.918422
4425	0.918422
4426	0.918422
4427	0.918422
4428	0.918422
4429	0.918422
4430	0.918422
4431	0.918422
4432	0.918422
4433	0.918422
4434	0.918422
4435	0.918422
4436	0.918422
4437	0.918422
4438	0.918422
4439	0.918422
4440	0.918422
4441	0.918422
4442	0.918422
4443	0.918422
4444	0.918422
4445	0.918422
4446	0.918422
4447	0.918422
4448	0.918422
4449	0.918422
4450	0.918422
4451	0.918422
4452	0.918422
4453	0.918422
4454	0.918422
4455	0.918422
4456	0.918422
4457	0.918422
4458	0.918422
4459	0.918422
4460	0.918422
4461	0.918422
4462	0.918422
4463	0.918422
4464	0.918422
4465	0.918422
4466	0.918422
4467	0.918422
4468	0.918422
4469	0.918422
4470	0.918422
4471	0.918422
4472	0.918422
4473	0.918422
4474	0.918422
4475	0.918422
4476	0.918422
4477	0.918422
4478	0.918422
4479	0.918422
4480	0.918422
4481	0.918422
4482	0.918422
4483	0.918422
4484	0.918422
4485	0.918422
4486	0.918422
4487	0.918422
4488	0.918422
4489	0.918422
4490	0.918422
4491	0.918422
4492	0.918422
4493	0.918422
4494	0.918422
4495	0.918422
4496	0.918422
4497	0.918422
4498	0.918422
4499	0.918422
4500	0.918422
4501	0.918422
4502	0.918422
4503	0.918422
4504	0.918422
4505	0.918422
4506	0.918422
4507	0.918422
4508	0.918422
4509	0.918422
4510	0.918422
4511	0.918422
4512	0.918422
4513	0.918422
4514	0.918422
4515	0.918422
4516	0.918422
4517	0.918422
4518	0.918422
4519	0.918422
4520	0.918422
4521	0.918422
4522	0.918422
4523	0.918422
4524	0.918422
4525	0.918422
4526	0.918422
4527	0.918422
4528	0.918422
4529	0.918422
4530	0.918422
4531	0.918422
4532	0.918422
4533	0.918422
4534	0.918422
4535	0.918422
4536	0.918422
4537	0.918422
4538	0.918422
4539	0.918422
4540	0.918422
4541	0.918422
4542	0.918422
4543	0.918422
4544	0.918422
4545	0.918422
4546	0.918422
4547	0.918422
4548	0.918422
4549	0.918422
4550	0.918422
4551	0.918422
4552	0.918422
4553	0.918422
4554	0.918422
4555	0.918422
4556	0.918422
4557	0.918422
4558	0.918422
4559	0.918422
4560	0.918422
4561	0.918422
4562	0.918422
4563	0.918422
4564	0.918422
4565	0.918422
4566	0.918422
4567	0.918422
4568	0.918422
4569	0.918422
4570	0.918422
4571	0.918422
4572	0.918422
4573	0.918422
4574	0.918422
4575	0.918422
4576	0.918422
4577	0.918422
4578	0.918422
4579	0.918422
4580	0.918422
4581	0.918422
4582	0.918422
4583	0.918422
4584	0.918422
4585	0.918422
4586	0.918422
4587	0.918422
4588	0.918422
4589	0.918422
4590	0.918422
4591	0.918422
4592	0.918422
4593	0.918422
4594	0.918422
4595	0.918422
4596	0.918422
4597	0.918422
4598	0.918422
4599	0.918422
4600	0.918422
4601	0.918422
4602	0.918422
4603	0.918422
4604	0.918422
4605	0.918422
4606	0.918422
4607	0.918422
4608	0.918422
4609	0.918422
4610	0.918422
4611	0.918422
4612	0.918422
4613	0.918422
4614	0.918422
4615	0.918422
4616	0.918422
4617	0.918422
4618	0.918422
4619	0.918422
4620	0.918422
4621	0.918422
4622	0.918422
4623	0.918422
4624	0.918422
4625	0.918422
4626	0.918422
4627	0.918422
4628	0.918422
4629	0.918422
4630	0.918422
4631	0.918422
4632	0.918422
4633	0.918422
4634	0.918422
4635	0.918422
4636	0.918422
4637	0.918422
4638	0.918422
4639	0.918422
4640	0.918422
4641	0.918422
4642	0.918422
4643	0.918422
4644	0.918422
4645	0.918422
4646	0.918422
4647	0.918422
4648	0.918422
4649	0.918422
4650	0.918422
4651	0.918422
4652	0.918422
4653	0.918422
4654	0.918422
4655	0.918422
4656	0.918422
4657	0.918422
4658	0.918422
4659	0.918422
4660	0.918422
4661	0.918422
4662	0.918422
4663	0.918422
4664	0.918422
4665	0.918422
4666	0.918422
4667	0.918422
4668	0.918422
4669	0.918422
4670	0.918422
4671	0.918422
4672	0.918422
4673	0.918422
4674	0.918422
4675	0.918422
4676	0.918422
4677	0.918422
4678	0.918422
4679	0.918422
4680	0.918422
4681	0.918422
4682	0.918422
4683	0.918422
4684	0.918422
4685	0.918422
4686	0.918422
4687	0.918422
4688	0.918422
4689	0.918422
4690	0.918422
4691	0.918422
4692	0.918422
4693	0.918422
4694	0.918422
4695	0.918422
4696	0.918422
4697	0.918422
4698	0.918422
4699	0.918422
4700	0.918422
4701	0.918422
4702	0.918422
4703	0.918422
4704	0.918422
4705	0.918422
4706	0.918422
4707	0.918422
4708	0.918422
4709	0.918422
4710	0.918422
4711	0.918422
4712	0.918422
4713	0.918422
4714	0.918422
4715	0.918422
4716	0.918422
4717	0.918422
4718	0.918422
4719	0.918422
4720	0.918422
4721	0.918422
4722	0.918422
4723	0.918422
4724	0.918422
4725	0.918422
4726	0.918422
4727	0.918422
4728	0.918422
4729	0.918422
4730	0.918422
4731	0.918422
4732	0.918422
4733	0.918422
4734	0.918422
4735	0.918422
4736	0.918422
4737	0.918422
4738	0.918422
4739	0.918422
4740	0.918422
4741	0.918422
4742	0.918422
4743	0.918422
4744	0.918422
4745	0.918422
4746	0.918422
4747	0.918422
4748	0.918422
4749	0.918422
4750	0.918422
4751	0.918422
4752	0.918422
4753	0.918422
4754	0.918422
4755	0.918422
4756	0.918422
4757	0.918422
4758	0.918422
4759	0.918422
4760	0.918422
4761	0.918422
4762	0.918422
4763	0.918422
4764	0.918422
4765	0.918422
4766	0.918422
4767	0.918422
4768	0.918422
4769	0.918422
4770	0.918422
4771	0.918422
4772	0.918422
4773	0.918422
4774	0.918422
4775	0.918422
4776	0.918422
4777	0.918422
4778	0.918422
4779	0.918422
4780	0.918422
4781	0.918422
4782	0.918422
4783	0.918422
4784	0.918883
4785	0.918883
4786	0.918883
4787	0.918883
4788	0.918883
4789	0.918883
4790	0.918883
4791	0.918883
4792	0.918883
4793	0.918883
4794	0.918883
4795	0.918883
4796	0.918883
4797	0.918883
4798	0.918883
4799	0.934553
4800	0.934553
4801	0.934553
4802	0.934553
4803	0.934553
4804	0.934553
4805	0.934553
4806	0.934553
4807	0.934553
4808	0.934553
4809	0.934553
4810	0.934553
4811	0.934553
4812	0.937779
4813	0.937779
4814	0.937779
4815	0.937779
4816	0.937779
4817	0.937779
4818	0.937779
4819	0.937779
4820	0.937779
4821	0.937779
4822	0.937779
4823	0.937779
4824	0.937779
4825	0.937779
4826	0.937779
4827	0.937779
4828	0.937779
4829	0.937779
4830	0.937779
4831	0.937779
4832	0.937779
4833	0.937779
4834	0.937779
4835	0.937779
4836	0.937779
4837	0.937779
4838	0.937779
4839	0.937779
4840	0.937779
4841	0.937779
4842	0.937779
4843	0.937779
4844	0.937779
4845	0.937779
4846	0.937779
4847	0.937779
4848	0.937779
4849	0.937779
4850	0.937779
4851	0.937779
4852	0.937779
4853	0.937779
4854	0.937779
4855	0.937779
4856	0.937779
4857	0.937779
4858	0.937779
4859	0.937779
4860	0.937779
4861	0.937779
4862	0.937779
4863	0.937779
4864	0.937779
4865	0.937779
4866	0.937779
4867	0.937779
4868	0.937779
4869	0.937779
4870	0.937779
4871	0.937779
4872	0.937779
4873	0.937779
4874	0.937779
4875	0.937779
4876	0.937779
4877	0.937779
4878	0.937779
4879	0.937779
4880	0.937779
4881	0.937779
4882	0.937779
4883	0.937779
4884	0.937779
4885	0.937779
4886	0.959441
4887	0.959441
4888	0.959441
4889	0.959441
4890	0.959441
4891	0.959441
4892	0.959441
4893	0.959441
4894	0.959441
4895	0.959441
4896	0.959441
4897	0.959441
4898	0.959441
4899	0.959441
4900	0.959441
4901	0.959441
4902	0.959441
4903	0.959441
4904	0.959441
4905	0.959441
4906	0.959441
4907	0.959441
4908	0.959441
4909	0.959441
4910	0.959441
4911	0.959441
4912	0.959441
4913	0.959441
4914	0.959441
4915	0.959441
4916	0.959441
4917	0.959441
4918	0.959441
4919	0.959441
4920	0.959441
4921	0.959441
4922	0.959441
4923	0.959441
4924	0.959441
4925	0.959441
4926	0.959441
4927	0.959441
4928	0.959441
4929	0.959441
4930	0.959441
4931	0.959441
4932	0.959441
4933	0.959441
4934	0.959441
4935	0.959441
4936	0.959441
4937	0.959441
4938	0.959441
4939	0.959441
4940	0.959441
4941	0.959441
4942	0.959441
4943	0.959441
4944	0.959441
4945	0.959441
4946	0.978799
4947	0.978799
4948	0.978799
4949	0.978799
4950	0.978799
4951	0.978799
4952	0.978799
4953	0.978799
4954	0.978799
4955	0.978799
4956	0.978799
4957	0.978799
4958	0.978799
4959	0.978799
4960	0.978799
4961	0.978799
4962	0.978799
4963	0.978799
4964	0.978799
4965	0.978799
4966	0.978799
4967	0.978799
4968	0.978799
4969	0.978799
4970	0.978799
4971	0.978799
4972	0.978799
4973	0.978799
4974	0.978799
4975	0.978799
4976	0.978799
4977	0.978799
4978	0.978799
4979	0.978799
4980	0.978799
4981	0.978799
4982	0.978799
4983	0.978799
4984	0.978799
4985	0.978799
4986	0.978799
4987	0.978799
4988	0.978799
4989	0.978799
4990	0.978799
4991	0.978799
4992	0.978799
4993	0.978799
4994	0.978799
4995	0.978799
4996	0.978799
4997	0.978799
4998	0.978799
4999	0.978799
5000	0.978799
5001	0.978799
5002	0.978799
5003	0.978799
5004	0.978799
5005	0.978799
5006	0.978799
5007	0.978799
5008	0.978799
5009	0.978799
5010	0.978799
5011	0.978799
5012	0.978799
5013	0.978799
5014	0.978799
5015	0.978799
5016	0.978799
5017	0.978799
5018	0.978799
5019	0.978799
5020	0.978799
5021	0.978799
5022	0.978799
5023	0.978799
5024	0.978799
5025	0.978799
5026	0.978799
5027	0.978799
5028	0.978799
5029	0.978799
5030	0.978799
5031	0.978799
5032	0.978799
5033	0.978799
5034	0.978799
5035	0.978799
5036	0.978799
5037	0.978799
5038	0.978799
5039	0.978799
5040	0.978799
5041	0.978799
5042	0.978799
5043	0.978799
5044	0.978799
5045	0.978799
5046	0.978799
5047	0.978799
5048	0.978799
5049	0.978799
5050	0.978799
5051	0.978799
5052	0.978799
5053	0.978799
5054	0.978799
5055	0.978799
5056	0.978799
5057	0.978799
5058	0.978799
5059	0.978799
5060	0.978799
5061	0.978799
5062	0.978799
5063	0.978799
5064	0.978799
5065	0.978799
5066	0.978799
5067	0.978799
5068	0.978799
5069	0.978799
5070	0.978799
5071	0.978799
5072	0.978799
5073	0.978799
5074	0.978799
5075	0.978799
5076	0.978799
5077	0.978799
5078	0.978799
5079	0.978799
5080	0.978799
5081	0.978799
5082	0.978799
5083	0.978799
5084	0.978799
5085	0.978799
5086	0.978799
5087	0.978799
5088	0.978799
5089	0.978799
5090	0.978799
5091	0.978799
5092	0.978799
5093	0.978799
5094	0.978799
5095	0.978799
5096	0.978799
5097	0.978799
5098	0.978799
5099	0.978799
5100	0.978799
5101	0.978799
5102	0.978799
5103	0.978799
5104	0.978799
5105	0.978799
5106	0.978799
5107	0.978799
5108	0.978799
5109	0.978799
5110	0.978799
5111	0.978799
5112	0.978799
5113	0.978799
5114	0.978799
5115	0.978799
5116	0.978799
5117	0.978799
5118	0.978799
5119	0.978799
5120	0.978799
5121	0.978799
5122	0.978799
5123	0.978799
5124	0.978799
5125	0.978799
5126	0.978799
5127	0.978799
5128	0.978799
5129	0.978799
5130	0.978799
5131	0.978799
5132	0.978799
5133	0.978799
5134	0.978799
5135	0.978799
5136	0.978799
5137	0.978799
5138	0.978799
5139	0.978799
5140	0.978799
5141	0.978799
5142	0.978799
5143	0.978799
5144	0.978799
5145	0.978799
5146	0.978799
5147	0.978799
5148	0.978799
5149	0.978799
5150	0.978799
5151	0.978799
5152	0.978799
5153	0.978799
5154	0.978799
5155	0.978799
5156	0.978799
5157	0.978799
5158	0.978799
5159	0.978799
5160	0.978799
5161	0.978799
5162	0.978799
5163	0.978799
5164	0.978799
5165	0.978799
5166	0.978799
5167	0.978799
5168	0.978799
5169	0.978799
5170	0.978799
5171	0.978799
5172	0.978799
5173	0.978799
5174	0.978799
5175	0.978799
5176	0.978799
5177	0.978799
5178	0.978799
5179	0.978799
5180	0.978799
5181	0.978799
5182	0.978799
5183	0.978799
5184	0.978799
5185	0.978799
5186	0.978799
5187	0.978799
5188	0.978799
5189	0.978799
5190	0.978799
5191	0.978799
5192	0.978799
5193	0.978799
5194	0.978799
5195	0.978799
5196	0.978799
5197	0.978799
5198	0.978799
5199	0.978799
5200	0.978799
5201	0.978799
5202	0.978799
5203	0.978799
5204	0.978799
5205	0.978799
5206	0.978799
5207	0.978799
5208	0.978799
5209	0.978799
5210	0.978799
5211	0.978799
5212	0.978799
5213	0.978799
5214	0.978799
5215	0.978799
5216	0.978799
5217	0.978799
5218	0.978799
5219	0.978799
5220	0.978799
5221	0.978799
5222	0.978799
5223	0.978799
5224	0.978799
5225	0.978799
5226	0.978799
5227	0.978799
5228	0.978799
5229	0.978799
5230	0.978799
5231	0.978799
5232	0.978799
5233	0.978799
5234	0.978799
5235	0.978799
5236	0.978799
5237	0.978799
5238	0.978799
5239	0.978799
5240	0.978799
5241	0.978799
5242	0.978799
5243	0.978799
5244	0.978799
5245	0.978799
5246	0.978799
5247	0.978799
5248	0.978799
5249	0.978799
5250	0.978799
5251	0.978799
5252	0.978799
5253	0.978799
5254	0.978799
5255	0.978799
5256	0.978799
5257	0.978799
5258	0.978799
5259	0.978799
5260	0.978799
5261	0.978799
5262	0.978799
5263	0.978799
5264	0.978799
5265	0.978799
5266	0.978799
5267	0.978799
5268	0.978799
5269	0.978799
5270	0.978799
5271	0.978799
5272	0.978799
5273	0.978799
5274	0.978799
5275	0.978799
5276	0.978799
5277	0.978799
5278	0.978799
5279	0.978799
5280	0.978799
5281	0.978799
5282	0.978799
5283	0.978799
5284	0.978799
5285	0.978799
5286	0.978799
5287	0.978799
5288	0.978799
5289	0.978799
5290	0.978799
5291	0.978799
5292	0.978799
5293	0.978799
5294	0.978799
5295	0.978799
5296	0.978799
5297	0.978799
5298	0.978799
5299	0.978799
5300	0.978799
5301	0.978799
5302	0.978799
5303	0.978799
5304	0.978799
5305	0.978799
5306	0.978799
5307	0.978799
5308	0.978799
5309	0.978799
5310	0.978799
5311	0.978799
5312	0.978799
5313	0.978799
5314	0.978799
5315	0.978799
5316	0.978799
5317	0.978799
5318	0.978799
5319	0.978799
5320	0.978799
5321	0.978799
5322	0.978799
5323	0.978799
5324	0.978799
5325	0.978799
5326	0.978799
5327	0.978799
5328	0.978799
5329	0.978799
5330	0.978799
5331	0.978799
5332	0.978799
5333	0.978799
5334	0.978799
5335	0.978799
5336	0.978799
5337	0.978799
5338	0.978799
5339	0.978799
5340	0.978799
5341	0.978799
5342	0.978799
5343	0.978799
5344	0.978799
5345	0.978799
5346	0.978799
5347	0.978799
5348	0.978799
5349	0.978799
5350	0.978799
5351	0.978799
5352	0.978799
5353	0.978799
5354	0.978799
5355	0.978799
5356	0.978799
5357	0.978799
5358	0.978799
5359	0.978799
5360	0.978799
5361	0.978799
5362	0.978799
5363	0.978799
5364	0.978799
5365	0.978799
5366	0.978799
5367	0.978799
5368	0.978799
5369	0.978799
5370	0.978799
5371	0.978799
5372	0.978799
5373	0.978799
5374	0.978799
5375	0.978799
5376	0.978799
5377	0.978799
5378	0.978799
5379	0.978799
5380	0.978799
5381	0.978799
5382	0.978799
5383	0.978799
5384	0.978799
5385	0.978799
5386	0.978799
5387	0.978799
5388	0.978799
5389	0.978799
5390	0.978799
5391	0.978799
5392	0.978799
5393	0.978799
5394	0.978799
5395	0.978799
5396	0.978799
5397	0.978799
5398	0.978799
5399	0.978799
5400	0.978799
5401	0.978799
5402	0.978799
5403	0.978799
5404	0.978799
5405	0.978799
5406	0.978799
5407	0.978799
5408	0.978799
5409	0.978799
5410	0.978799
5411	0.978799
5412	0.978799
5413	0.978799
5414	0.978799
5415	0.978799
5416	0.978799
5417	0.978799
5418	0.978799
5419	0.978799
5420	0.978799
5421	0.978799
5422	0.978799
5423	0.978799
5424	0.978799
5425	0.978799
5426	0.978799
5427	0.978799
5428	0.978799
5429	0.978799
5430	0.978799
5431	0.978799
5432	0.978799
5433	0.978799
5434	0.978799
5435	0.978799
5436	0.978799
5437	0.978799
5438	0.978799
5439	0.978799
5440	0.978799
5441	0.978799
5442	0.978799
5443	0.978799
5444	0.978799
5445	0.978799
5446	0.978799
5447	0.978799
5448	0.978799
5449	0.978799
5450	0.978799
5451	0.978799
5452	0.978799
5453	0.978799
5454	0.978799
5455	0.978799
5456	0.978799
5457	0.978799
5458	0.978799
5459	0.978799
5460	0.978799
5461	0.978799
5462	0.978799
5463	0.978799
5464	0.978799
5465	0.978799
5466	0.978799
5467	0.978799
5468	0.978799
5469	0.978799
5470	0.978799
5471	0.978799
5472	0.978799
5473	0.978799
5474	0.978799
5475	0.978799
5476	0.978799
5477	0.978799
5478	0.978799
5479	0.978799
5480	0.978799
5481	0.978799
5482	0.978799
5483	0.978799
5484	0.978799
5485	0.978799
5486	0.978799
5487	0.978799
5488	0.978799
5489	0.978799
5490	0.978799
5491	0.978799
5492	0.978799
5493	0.978799
5494	0.978799
5495	0.978799
5496	0.978799
5497	0.978799
5498	0.978799
5499	0.978799
5500	0.978799
5501	0.978799
5502	0.978799
5503	0.978799
5504	0.978799
5505	0.978799
5506	0.978799
5507	0.978799
5508	0.978799
5509	0.978799
5510	0.978799
5511	0.978799
5512	0.978799
5513	0.978799
5514	0.978799
5515	0.978799
5516	0.978799
5517	0.978799
5518	0.978799
5519	0.978799
5520	0.978799
5521	0.978799
5522	0.978799
5523	0.978799
5524	0.978799
5525	0.978799
5526	0.978799
5527	0.978799
5528	0.978799
5529	0.978799
5530	0.978799
5531	0.978799
5532	0.978799
5533	0.978799
5534	0.978799
5535	0.978799
5536	0.978799
5537	0.978799
5538	0.978799
5539	0.978799
5540	0.978799
5541	0.978799
5542	0.978799
5543	0.978799
5544	0.978799
5545	0.978799
5546	0.978799
5547	0.978799
5548	0.978799
5549	0.978799
5550	0.978799
5551	0.978799
5552	0.978799
5553	0.978799
5554	0.978799
5555	0.978799
5556	0.978799
5557	0.978799
5558	0.978799
5559	0.978799
5560	0.978799
5561	0.978799
5562	0.978799
5563	0.978799
5564	0.978799
5565	0.978799
5566	0.978799
5567	0.978799
5568	0.978799
5569	0.978799
5570	0.978799
5571	0.978799
5572	0.978799
5573	0.978799
5574	0.978799
5575	0.978799
5576	0.978799
5577	0.978799
5578	0.978799
5579	0.978799
5580	0.978799
5581	0.978799
5582	0.978799
5583	0.978799
5584	0.978799
5585	0.978799
5586	0.978799
5587	0.978799
5588	0.978799
5589	0.978799
5590	0.978799
5591	0.978799
5592	0.978799
5593	0.978799
5594	0.978799
5595	0.978799
5596	0.978799
5597	0.978799
5598	0.978799
5599	0.978799
5600	0.978799
5601	0.978799
5602	0.978799
5603	0.978799
5604	0.978799
5605	0.978799
5606	0.978799
5607	0.978799
5608	0.978799
5609	0.978799
5610	0.978799
5611	0.978799
5612	0.978799
5613	0.978799
5614	0.978799
5615	0.978799
5616	0.978799
5617	0.978799
5618	0.978799
5619	0.978799
5620	0.978799
5621	0.978799
5622	0.978799
5623	0.978799
5624	0.978799
5625	0.978799
5626	0.978799
5627	0.978799
5628	0.978799
5629	0.978799
5630	0.978799
5631	0.978799
5632	0.978799
5633	0.978799
5634	0.978799
5635	0.978799
5636	0.978799
5637	0.978799
5638	0.978799
5639	0.978799
5640	0.978799
5641	0.978799
5642	0.978799
5643	0.978799
5644	0.978799
5645	0.978799
5646	0.978799
5647	0.978799
5648	0.978799
5649	0.978799
5650	0.978799
5651	0.978799
5652	0.978799
5653	0.978799
5654	0.978799
5655	0.978799
5656	0.978799
5657	0.978799
5658	0.978799
5659	0.978799
5660	0.978799
5661	0.978799
5662	0.978799
5663	0.978799
5664	0.978799
5665	0.978799
5666	0.978799
5667	0.978799
5668	0.978799
5669	0.978799
5670	0.978799
5671	0.978799
5672	0.978799
5673	0.978799
5674	0.978799
5675	0.978799
5676	0.978799
5677	0.978799
5678	0.978799
5679	0.978799
5680	0.978799
5681	0.978799
5682	0.978799
5683	0.978799
5684	0.978799
5685	0.978799
5686	0.978799
5687	0.978799
5688	0.978799
5689	0.978799
5690	0.978799
5691	0.978799
5692	0.978799
5693	0.978799
5694	0.978799
5695	0.978799
5696	0.978799
5697	0.978799
5698	0.978799
5699	0.978799
5700	0.978799
5701	0.978799
5702	0.978799
5703	0.978799
5704	0.978799
5705	0.978799
5706	0.978799
5707	0.978799
5708	0.978799
5709	0.978799
5710	0.978799
5711	0.978799
5712	0.978799
5713	0.978799
5714	0.978799
5715	0.978799
5716	0.978799
5717	0.978799
5718	0.978799
5719	0.978799
5720	0.978799
5721	0.978799
5722	0.978799
5723	0.978799
5724	0.978799
5725	0.978799
5726	0.978799
5727	0.978799
5728	0.978799
5729	0.978799
5730	0.978799
5731	0.978799
5732	0.978799
5733	0.978799
5734	0.978799
5735	0.978799
5736	0.978799
5737	0.978799
5738	0.978799
5739	0.978799
5740	0.978799
5741	0.978799
5742	0.978799
5743	0.978799
5744	0.978799
5745	0.978799
5746	0.978799
5747	0.978799
5748	0.978799
5749	0.978799
5750	0.978799
5751	0.978799
5752	0.978799
5753	0.978799
5754	0.978799
5755	0.978799
5756	0.978799
5757	0.978799
5758	0.978799
5759	0.978799
5760	0.978799
5761	0.978799
5762	0.978799
5763	0.978799
5764	0.978799
5765	0.978799
5766	0.978799
5767	0.978799
5768	0.978799
5769	0.978799
5770	0.978799
5771	0.978799
5772	0.978799
5773	0.978799
5774	0.978799
5775	0.978799
5776	0.978799
5777	0.978799
5778	0.978799
5779	0.978799
5780	0.978799
5781	0.978799
5782	0.978799
5783	0.978799
5784	0.978799
5785	0.978799
5786	0.978799
5787	0.978799
5788	0.978799
5789	0.978799
5790	0.978799
5791	0.978799
5792	0.978799
5793	0.978799
5794	0.978799
5795	0.978799
5796	0.978799
5797	0.978799
5798	0.978799
5799	0.978799
5800	0.978799
5801	0.978799
5802	0.978799
5803	0.978799
5804	0.978799
5805	0.978799
5806	0.978799
5807	0.978799
5808	0.978799
5809	0.978799
5810	0.978799
5811	0.978799
5812	0.978799
5813	0.978799
5814	0.978799
5815	0.978799
5816	0.978799
5817	0.978799
5818	0.978799
5819	0.978799
5820	0.978799
5821	0.978799
5822	0.978799
5823	0.978799
5824	0.978799
5825	0.978799
5826	0.978799
5827	0.978799
5828	0.978799
5829	0.978799
5830	0.978799
5831	0.978799
5832	0.978799
5833	0.978799
5834	0.978799
5835	0.978799
5836	0.978799
5837	0.978799
5838	0.978799
5839	0.978799
5840	0.978799
5841	0.978799
5842	0.978799
5843	0.978799
5844	0.978799
5845	0.978799
5846	0.978799
5847	0.978799
5848	0.978799
5849	0.978799
5850	0.978799
5851	0.978799
5852	0.978799
5853	0.978799
5854	0.978799
5855	0.978799
5856	0.978799
5857	0.978799
5858	0.978799
5859	0.978799
5860	0.978799
5861	0.978799
5862	0.978799
5863	0.978799
5864	0.978799
5865	0.978799
5866	0.978799
5867	0.978799
5868	0.978799
5869	0.978799
5870	0.978799
5871	0.978799
5872	0.978799
5873	0.978799
5874	0.978799
5875	0.978799
5876	0.978799
5877	0.978799
5878	0.978799
5879	0.978799
5880	0.978799
5881	0.978799
5882	0.978799
5883	0.978799
5884	0.978799
5885	0.978799
5886	0.978799
5887	0.978799
5888	0.978799
5889	0.978799
5890	0.978799
5891	0.978799
5892	0.978799
5893	0.978799
5894	0.978799
5895	0.978799
5896	0.978799
5897	0.978799
5898	0.978799
5899	0.978799
5900	0.978799
5901	0.978799
5902	0.978799
5903	0.978799
5904	0.978799
5905	0.978799
5906	0.978799
5907	0.978799
5908	0.978799
5909	0.978799
5910	0.978799
5911	0.978799
5912	0.978799
5913	0.978799
5914	0.978799
5915	0.978799
5916	0.978799
5917	0.978799
5918	0.978799
5919	0.978799
5920	0.978799
5921	0.978799
5922	0.978799
5923	0.978799
5924	0.978799
5925	0.978799
5926	0.978799
5927	0.978799
5928	0.978799
5929	0.978799
5930	0.978799
5931	0.978799
5932	0.978799
5933	0.978799
5934	0.978799
5935	0.978799
5936	0.978799
5937	0.978799
5938	0.978799
5939	0.978799
5940	0.978799
5941	0.978799
5942	0.978799
5943	0.978799
5944	0.978799
5945	0.978799
5946	0.978799
5947	0.978799
5948	0.978799
5949	0.978799
5950	0.978799
5951	0.978799
5952	0.978799
5953	0.978799
5954	0.978799
5955	0.978799
5956	0.978799
5957	0.978799
5958	0.978799
5959	0.978799
5960	0.978799
5961	0.978799
5962	0.978799
5963	0.978799
5964	0.978799
5965	0.978799
5966	0.978799
5967	0.978799
5968	0.978799
5969	0.978799
5970	0.978799
5971	0.978799
5972	0.978799
5973	0.978799
5974	0.978799
5975	0.978799
5976	0.978799
5977	0.978799
5978	0.978799
5979	0.978799
5980	0.978799
5981	0.978799
5982	0.978799
5983	0.978799
5984	0.978799
5985	0.978799
5986	0.978799
5987	0.978799
5988	0.978799
5989	0.978799
5990	0.978799
5991	0.978799
5992	0.978799
5993	0.978799
5994	0.978799
5995	0.978799
5996	0.978799
5997	0.978799
5998	0.978799
5999	0.978799
6000	0.978799
6001	0.978799
6002	0.978799
6003	0.978799
6004	0.978799
6005	0.978799
6006	0.978799
6007	0.978799
6008	0.978799
6009	0.978799
6010	0.978799
6011	0.978799
6012	0.978799
6013	0.978799
6014	0.978799
6015	0.978799
6016	0.978799
6017	0.978799
6018	0.978799
6019	0.978799
6020	0.978799
6021	0.978799
6022	0.978799
6023	0.978799
6024	0.978799
6025	0.978799
6026	0.978799
6027	0.978799
6028	0.978799
6029	0.978799
6030	0.978799
6031	0.978799
6032	0.978799
6033	0.978799
6034	0.978799
6035	0.978799
6036	0.978799
6037	0.978799
6038	0.978799
6039	0.978799
6040	0.978799
6041	0.978799
6042	0.978799
6043	0.978799
6044	0.978799
6045	0.978799
6046	0.978799
6047	0.978799
6048	0.978799
6049	0.978799
6050	0.978799
6051	0.978799
6052	0.978799
6053	0.978799
6054	0.978799
6055	0.978799
6056	0.978799
6057	0.978799
6058	0.978799
6059	0.978799
6060	0.978799
6061	0.978799
6062	0.978799
6063	0.978799
6064	0.978799
6065	0.978799
6066	0.978799
6067	0.978799
6068	0.978799
6069	0.978799
6070	0.978799
6071	0.978799
6072	0.978799
6073	0.978799
6074	0.978799
6075	0.978799
6076	0.978799
6077	0.978799
6078	0.978799
6079	0.978799
6080	0.978799
6081	0.978799
6082	0.978799
6083	0.978799
6084	0.978799
6085	0.978799
6086	0.978799
6087	0.978799
6088	0.978799
6089	0.978799
6090	0.978799
6091	0.978799
6092	0.978799
6093	0.978799
6094	0.978799
6095	0.978799
6096	0.978799
6097	0.978799
6098	0.978799
6099	0.978799
6100	0.978799
6101	0.978799
6102	0.978799
6103	0.978799
6104	0.978799
6105	0.978799
6106	0.978799
6107	0.978799
6108	0.978799
6109	0.978799
6110	0.978799
6111	0.978799
6112	0.978799
6113	0.978799
6114	0.978799
6115	0.978799
6116	0.978799
6117	0.978799
6118	0.978799
6119	0.978799
6120	0.978799
6121	0.978799
6122	0.978799
6123	0.978799
6124	0.978799
6125	0.978799
6126	0.978799
6127	0.978799
6128	0.978799
6129	0.978799
6130	0.978799
6131	0.978799
6132	0.978799
6133	0.978799
6134	0.978799
6135	0.978799
6136	0.978799
6137	0.978799
6138	0.978799
6139	0.978799
6140	0.978799
6141	0.978799
6142	0.978799
6143	0.978799
6144	0.978799
6145	0.978799
6146	0.978799
6147	0.978799
6148	0.978799
6149	0.978799
6150	0.978799
6151	0.978799
6152	0.978799
6153	0.978799
6154	0.978799
6155	0.978799
6156	0.978799
6157	0.978799
6158	0.978799
6159	0.978799
6160	0.978799
6161	0.978799
6162	0.978799
6163	0.978799
6164	0.978799
6165	0.978799
6166	0.978799
6167	0.978799
6168	0.978799
6169	0.978799
6170	0.978799
6171	0.978799
6172	0.978799
6173	0.978799
6174	0.978799
6175	0.978799
6176	0.978799
6177	0.978799
6178	0.978799
6179	0.978799
6180	0.978799
6181	0.978799
6182	0.978799
6183	0.978799
6184	0.978799
6185	0.978799
6186	0.978799
6187	0.978799
6188	0.978799
6189	0.978799
6190	0.978799
6191	0.978799
6192	0.978799
6193	0.978799
6194	0.978799
6195	0.978799
6196	0.978799
6197	0.978799
6198	0.978799
6199	0.978799
6200	0.978799
6201	0.978799
6202	0.978799
6203	0.978799
6204	0.978799
6205	0.978799
6206	0.978799
6207	0.978799
6208	0.978799
6209	0.978799
6210	0.978799
6211	0.978799
6212	0.978799
6213	0.978799
6214	0.978799
6215	0.978799
6216	0.978799
6217	0.978799
6218	0.978799
6219	0.978799
6220	0.978799
6221	0.978799
6222	0.978799
6223	0.978799
6224	0.978799
6225	0.978799
6226	0.978799
6227	0.978799
6228	0.978799
6229	0.978799
6230	0.978799
6231	0.978799
6232	0.978799
6233	0.978799
6234	0.978799
6235	0.978799
6236	0.978799
6237	0.978799
6238	0.978799
6239	0.978799
6240	0.978799
6241	0.978799
6242	0.978799
6243	0.978799
6244	0.978799
6245	0.978799
6246	0.978799
6247	0.978799
6248	0.978799
6249	0.978799
6250	0.978799
6251	0.978799
6252	0.978799
6253	0.978799
6254	0.978799
6255	0.978799
6256	0.978799
6257	0.978799
6258	0.978799
6259	0.978799
6260	0.978799
6261	0.978799
6262	0.978799
6263	0.978799
6264	0.978799
6265	0.978799
6266	0.978799
6267	0.978799
6268	0.978799
6269	0.978799
6270	0.978799
6271	0.978799
6272	0.978799
6273	0.978799
6274	0.978799
6275	0.978799
6276	0.978799
6277	0.978799
6278	0.978799
6279	0.978799
6280	0.978799
6281	0.978799
6282	0.978799
6283	0.978799
6284	0.978799
6285	0.978799
6286	0.978799
6287	0.978799
6288	0.978799
6289	0.978799
6290	0.978799
6291	0.978799
6292	0.978799
6293	0.978799
6294	0.978799
6295	0.978799
6296	0.978799
6297	0.978799
6298	0.978799
6299	0.978799
6300	0.978799
6301	0.978799
6302	0.978799
6303	0.978799
6304	0.978799
6305	0.978799
6306	0.978799
6307	0.978799
6308	0.978799
6309	0.978799
6310	0.978799
6311	0.978799
6312	0.978799
6313	0.978799
6314	0.978799
6315	0.978799
6316	0.978799
6317	0.978799
6318	0.978799
6319	0.978799
6320	0.978799
6321	0.978799
6322	0.978799
6323	0.978799
6324	0.978799
6325	0.978799
6326	0.978799
6327	0.978799
6328	0.978799
6329	0.978799
6330	0.978799
6331	0.978799
6332	0.978799
6333	0.978799
6334	0.978799
6335	0.978799
6336	0.978799
6337	0.978799
6338	0.978799
6339	0.978799
6340	0.978799
6341	0.978799
6342	0.978799
6343	0.978799
6344	0.978799
6345	0.978799
6346	0.978799
6347	0.978799
6348	0.978799
6349	0.978799
6350	0.978799
6351	0.978799
6352	0.978799
6353	0.978799
6354	0.978799
6355	0.978799
6356	0.978799
6357	0.978799
6358	0.978799
6359	0.978799
6360	0.978799
6361	0.978799
6362	0.978799
6363	0.978799
6364	0.978799
6365	0.978799
6366	0.978799
6367	0.978799
6368	0.978799
6369	0.978799
6370	0.978799
6371	0.978799
6372	0.978799
6373	0.978799
6374	0.978799
6375	0.978799
6376	0.978799
6377	0.978799
6378	0.978799
6379	0.978799
6380	0.978799
6381	0.978799
6382	0.978799
6383	0.978799
6384	0.978799
6385	0.978799
6386	0.978799
6387	0.978799
6388	0.978799
6389	0.978799
6390	0.978799
6391	0.978799
6392	0.978799
6393	0.978799
6394	0.978799
6395	0.978799
6396	0.978799
6397	0.978799
6398	0.978799
6399	0.978799
6400	0.978799
6401	0.978799
6402	0.978799
6403	0.978799
6404	0.978799
6405	0.978799
6406	0.978799
6407	0.978799
6408	0.978799
6409	0.978799
6410	0.978799
6411	0.978799
6412	0.978799
6413	0.978799
6414	0.978799
6415	0.978799
6416	0.978799
6417	0.978799
6418	0.978799
6419	0.978799
6420	0.978799
6421	0.978799
6422	0.978799
6423	0.978799
6424	0.978799
6425	0.978799
6426	0.978799
6427	0.978799
6428	0.978799
6429	0.978799
6430	0.978799
6431	0.978799
6432	0.978799
6433	0.978799
6434	0.978799
6435	0.978799
6436	0.978799
6437	0.978799
6438	0.978799
6439	0.978799
6440	0.978799
6441	0.978799
6442	0.978799
6443	0.978799
6444	0.978799
6445	0.978799
6446	0.978799
6447	0.978799
6448	0.978799
6449	0.978799
6450	0.978799
6451	0.978799
6452	0.978799
6453	0.978799
6454	0.978799
6455	0.978799
6456	0.978799
6457	0.978799
6458	0.978799
6459	0.978799
6460	0.978799
6461	0.978799
6462	0.978799
6463	0.978799
6464	0.978799
6465	0.978799
6466	0.978799
6467	1
## No. organisms: 20
## Seeds        : 1477208455, 70384
## Runtime      : 6h 56m 57s.
## Started at   : Tue Nov 12 01:00:55 2019
## Ended at     : Tue Nov 12 07:57:52 2019
