1	0.512542
2	0.521369
3	0.569972
4	0.581034
5	0.581034
6	0.597765
7	0.600503
8	0.666913
9	0.682723
10	0.687374
11	0.703506
12	0.709497
13	0.709497
14	0.709497
15	0.709497
16	0.709497
17	0.715028
18	0.715028
19	0.715168
20	0.719176
21	0.739134
22	0.739134
23	0.739134
24	0.739134
25	0.739134
26	0.739134
27	0.739134
28	0.739134
29	0.739134
30	0.739134
31	0.739134
32	0.739134
33	0.739134
34	0.739134
35	0.739134
36	0.739134
37	0.740978
38	0.740978
39	0.740978
40	0.740978
41	0.740978
42	0.759413
43	0.759413
44	0.759413
45	0.759413
46	0.759413
47	0.787989
48	0.787989
49	0.787989
50	0.787989
51	0.787989
52	0.787989
53	0.796746
54	0.796746
55	0.796746
56	0.796746
57	0.796746
58	0.796746
59	0.796746
60	0.796746
61	0.796746
62	0.796746
63	0.796746
64	0.796746
65	0.796746
66	0.796746
67	0.796746
68	0.796746
69	0.796746
70	0.796746
71	0.796746
72	0.796746
73	0.796746
74	0.796746
75	0.796746
76	0.796746
77	0.796746
78	0.796746
79	0.796746
80	0.796746
81	0.796746
82	0.796746
83	0.796746
84	0.796746
85	0.796746
86	0.796746
87	0.796746
88	0.796746
89	0.796746
90	0.796746
91	0.796746
92	0.796746
93	0.796746
94	0.796746
95	0.796746
96	0.796746
97	0.796746
98	0.796746
99	0.796746
100	0.796746
101	0.796746
102	0.796746
103	0.796746
104	0.796746
105	0.796746
106	0.796746
107	0.796746
108	0.796746
109	0.796746
110	0.796746
111	0.796746
112	0.796746
113	0.796746
114	0.796746
115	0.796746
116	0.796746
117	0.796746
118	0.796746
119	0.796746
120	0.796746
121	0.796746
122	0.796746
123	0.796746
124	0.796746
125	0.796746
126	0.796746
127	0.796746
128	0.796746
129	0.796746
130	0.796746
131	0.796746
132	0.796746
133	0.796746
134	0.808729
135	0.817947
136	0.817947
137	0.817947
138	0.836844
139	0.836844
140	0.836844
141	0.836844
142	0.836844
143	0.836844
144	0.836844
145	0.836844
146	0.836844
147	0.836844
148	0.836844
149	0.836844
150	0.836844
151	0.836844
152	0.836844
153	0.836844
154	0.836844
155	0.836844
156	0.836844
157	0.836844
158	0.836844
159	0.836844
160	0.836844
161	0.836844
162	0.836844
163	0.836844
164	0.836844
165	0.836844
166	0.836844
167	0.836844
168	0.836844
169	0.836844
170	0.836844
171	0.836844
172	0.836844
173	0.836844
174	0.836844
175	0.836844
176	0.836844
177	0.836844
178	0.836844
179	0.836844
180	0.836844
181	0.836844
182	0.836844
183	0.836844
184	0.836844
185	0.836844
186	0.836844
187	0.836844
188	0.836844
189	0.836844
190	0.836844
191	0.836844
192	0.836844
193	0.836844
194	0.836844
195	0.836844
196	0.836844
197	0.836844
198	0.836844
199	0.836844
200	0.836844
201	0.836844
202	0.836844
203	0.837765
204	0.837765
205	0.837765
206	0.837765
207	0.837765
208	0.841453
209	0.841453
210	0.844679
211	0.844679
212	0.844679
213	0.844679
214	0.844679
215	0.849288
216	0.849288
217	0.853436
218	0.853436
219	0.853436
220	0.868645
221	0.868645
222	0.868645
223	0.868645
224	0.868645
225	0.868645
226	0.868645
227	0.868645
228	0.868645
229	0.868645
230	0.868645
231	0.868645
232	0.868645
233	0.868645
234	0.868645
235	0.868645
236	0.868645
237	0.868645
238	0.868645
239	0.868645
240	0.868645
241	0.868645
242	0.868645
243	0.868645
244	0.868645
245	0.868645
246	0.868645
247	0.868645
248	0.868645
249	0.868645
250	0.868645
251	0.868645
252	0.868645
253	0.868645
254	0.868645
255	0.868645
256	0.868645
257	0.868645
258	0.868645
259	0.868645
260	0.868645
261	0.868645
262	0.868645
263	0.868645
264	0.868645
265	0.868645
266	0.868645
267	0.868645
268	0.868645
269	0.868645
270	0.868645
271	0.868645
272	0.868645
273	0.868645
274	0.868645
275	0.868645
276	0.868645
277	0.868645
278	0.868645
279	0.868645
280	0.868645
281	0.868645
282	0.868645
283	0.868645
284	0.868645
285	0.868645
286	0.868645
287	0.868645
288	0.868645
289	0.868645
290	0.868645
291	0.868645
292	0.868645
293	0.868645
294	0.868645
295	0.868645
296	0.868645
297	0.868645
298	0.868645
299	0.868645
300	0.868645
301	0.868645
302	0.868645
303	0.868645
304	0.868645
305	0.868645
306	0.868645
307	0.868645
308	0.868645
309	0.868645
310	0.868645
311	0.868645
312	0.868645
313	0.868645
314	0.868645
315	0.868645
316	0.868645
317	0.868645
318	0.868645
319	0.868645
320	0.868645
321	0.868645
322	0.868645
323	0.868645
324	0.868645
325	0.868645
326	0.868645
327	0.868645
328	0.868645
329	0.868645
330	0.868645
331	0.868645
332	0.868645
333	0.87648
334	0.87648
335	0.87648
336	0.87648
337	0.87648
338	0.87648
339	0.87648
340	0.87648
341	0.87648
342	0.87648
343	0.87648
344	0.87648
345	0.87648
346	0.87648
347	0.87648
348	0.87648
349	0.87648
350	0.87648
351	0.87648
352	0.87648
353	0.87648
354	0.87648
355	0.87648
356	0.87648
357	0.87648
358	0.87648
359	0.87648
360	0.87648
361	0.87648
362	0.87648
363	0.87648
364	0.87648
365	0.87648
366	0.87648
367	0.87648
368	0.87648
369	0.87648
370	0.87648
371	0.87648
372	0.87648
373	0.87648
374	0.87648
375	0.87648
376	0.87648
377	0.87648
378	0.87648
379	0.87648
380	0.87648
381	0.87648
382	0.87648
383	0.87648
384	0.87648
385	0.87648
386	0.87648
387	0.87648
388	0.87648
389	0.87648
390	0.87648
391	0.87648
392	0.890768
393	0.890768
394	0.890768
395	0.890768
396	0.890768
397	0.890768
398	0.890768
399	0.890768
400	0.890768
401	0.890768
402	0.890768
403	0.893994
404	0.893994
405	0.893994
406	0.893994
407	0.893994
408	0.895377
409	0.895377
410	0.895377
411	0.895377
412	0.895377
413	0.895377
414	0.895377
415	0.895377
416	0.895377
417	0.895377
418	0.895377
419	0.895377
420	0.895377
421	0.895377
422	0.895377
423	0.895377
424	0.895838
425	0.895838
426	0.895838
427	0.895838
428	0.895838
429	0.895838
430	0.895838
431	0.895838
432	0.895838
433	0.895838
434	0.895838
435	0.895838
436	0.895838
437	0.895838
438	0.895838
439	0.895838
440	0.895838
441	0.895838
442	0.895838
443	0.895838
444	0.895838
445	0.895838
446	0.895838
447	0.895838
448	0.895838
449	0.895838
450	0.895838
451	0.895838
452	0.895838
453	0.895838
454	0.895838
455	0.895838
456	0.895838
457	0.895838
458	0.895838
459	0.895838
460	0.895838
461	0.895838
462	0.895838
463	0.895838
464	0.895838
465	0.895838
466	0.895838
467	0.895838
468	0.895838
469	0.895838
470	0.895838
471	0.895838
472	0.895838
473	0.895838
474	0.895838
475	0.895838
476	0.895838
477	0.895838
478	0.895838
479	0.895838
480	0.895838
481	0.895838
482	0.895838
483	0.895838
484	0.895838
485	0.895838
486	0.895838
487	0.895838
488	0.895838
489	0.895838
490	0.895838
491	0.895838
492	0.895838
493	0.895838
494	0.895838
495	0.895838
496	0.895838
497	0.895838
498	0.895838
499	0.895838
500	0.895838
501	0.895838
502	0.895838
503	0.895838
504	0.895838
505	0.895838
506	0.895838
507	0.895838
508	0.895838
509	0.895838
510	0.895838
511	0.895838
512	0.895838
513	0.895838
514	0.895838
515	0.895838
516	0.915656
517	0.915656
518	0.915656
519	0.915656
520	0.915656
521	0.915656
522	0.915656
523	0.915656
524	0.915656
525	0.915656
526	0.915656
527	0.915656
528	0.915656
529	0.915656
530	0.915656
531	0.915656
532	0.915656
533	0.915656
534	0.915656
535	0.915656
536	0.915656
537	0.915656
538	0.915656
539	0.915656
540	0.915656
541	0.915656
542	0.915656
543	0.915656
544	0.915656
545	0.915656
546	0.915656
547	0.915656
548	0.915656
549	0.915656
550	0.915656
551	0.915656
552	0.915656
553	0.915656
554	0.915656
555	0.915656
556	0.915656
557	0.915656
558	0.915656
559	0.915656
560	0.915656
561	0.915656
562	0.915656
563	0.915656
564	0.915656
565	0.915656
566	0.915656
567	0.915656
568	0.915656
569	0.915656
570	0.915656
571	0.915656
572	0.915656
573	0.915656
574	0.915656
575	0.915656
576	0.915656
577	0.915656
578	0.915656
579	0.915656
580	0.915656
581	0.915656
582	0.915656
583	0.915656
584	0.915656
585	0.915656
586	0.915656
587	0.915656
588	0.915656
589	0.915656
590	0.915656
591	0.915656
592	0.915656
593	0.915656
594	0.915656
595	0.915656
596	0.915656
597	0.915656
598	0.915656
599	0.915656
600	0.915656
601	0.915656
602	0.915656
603	0.915656
604	0.915656
605	0.915656
606	0.915656
607	0.915656
608	0.915656
609	0.915656
610	0.915656
611	0.915656
612	0.915656
613	0.915656
614	0.915656
615	0.915656
616	0.915656
617	0.915656
618	0.915656
619	0.915656
620	0.915656
621	0.915656
622	0.915656
623	0.915656
624	0.915656
625	0.915656
626	0.915656
627	0.915656
628	0.915656
629	0.915656
630	0.915656
631	0.915656
632	0.915656
633	0.915656
634	0.915656
635	0.915656
636	0.915656
637	0.915656
638	0.915656
639	0.915656
640	0.915656
641	0.915656
642	0.915656
643	0.915656
644	0.915656
645	0.915656
646	0.915656
647	0.915656
648	0.915656
649	0.915656
650	0.915656
651	0.915656
652	0.915656
653	0.915656
654	0.915656
655	0.915656
656	0.915656
657	0.915656
658	0.915656
659	0.915656
660	0.915656
661	0.915656
662	0.915656
663	0.915656
664	0.915656
665	0.915656
666	0.915656
667	0.915656
668	0.915656
669	0.915656
670	0.915656
671	0.915656
672	0.915656
673	0.915656
674	0.915656
675	0.915656
676	0.915656
677	0.915656
678	0.915656
679	0.915656
680	0.915656
681	0.915656
682	0.915656
683	0.915656
684	0.915656
685	0.915656
686	0.915656
687	0.915656
688	0.915656
689	0.915656
690	0.915656
691	0.915656
692	0.915656
693	0.915656
694	0.915656
695	0.915656
696	0.915656
697	0.915656
698	0.915656
699	0.915656
700	0.915656
701	0.915656
702	0.915656
703	0.915656
704	0.915656
705	0.915656
706	0.915656
707	0.915656
708	0.915656
709	0.915656
710	0.915656
711	0.915656
712	0.915656
713	0.915656
714	0.915656
715	0.915656
716	0.915656
717	0.915656
718	0.915656
719	0.915656
720	0.915656
721	0.915656
722	0.915656
723	0.915656
724	0.915656
725	0.915656
726	0.915656
727	0.915656
728	0.915656
729	0.915656
730	0.915656
731	0.915656
732	0.915656
733	0.915656
734	0.915656
735	0.915656
736	0.915656
737	0.915656
738	0.915656
739	0.915656
740	0.915656
741	0.915656
742	0.915656
743	0.915656
744	0.915656
745	0.915656
746	0.915656
747	0.915656
748	0.915656
749	0.915656
750	0.915656
751	0.915656
752	0.915656
753	0.915656
754	0.915656
755	0.915656
756	0.915656
757	0.915656
758	0.915656
759	0.915656
760	0.915656
761	0.915656
762	0.915656
763	0.915656
764	0.915656
765	0.915656
766	0.915656
767	0.915656
768	0.915656
769	0.915656
770	0.915656
771	0.915656
772	0.915656
773	0.915656
774	0.915656
775	0.915656
776	0.915656
777	0.915656
778	0.915656
779	0.915656
780	0.915656
781	0.915656
782	0.915656
783	0.915656
784	0.915656
785	0.915656
786	0.915656
787	0.915656
788	0.915656
789	0.915656
790	0.915656
791	0.915656
792	0.915656
793	0.915656
794	0.915656
795	0.915656
796	0.915656
797	0.915656
798	0.915656
799	0.915656
800	0.915656
801	0.915656
802	0.915656
803	0.915656
804	0.915656
805	0.915656
806	0.915656
807	0.915656
808	0.915656
809	0.915656
810	0.915656
811	0.915656
812	0.915656
813	0.915656
814	0.915656
815	0.915656
816	0.915656
817	0.915656
818	0.915656
819	0.915656
820	0.915656
821	0.915656
822	0.915656
823	0.915656
824	0.915656
825	0.915656
826	0.915656
827	0.915656
828	0.915656
829	0.915656
830	0.915656
831	0.915656
832	0.915656
833	0.915656
834	0.915656
835	0.915656
836	0.915656
837	0.915656
838	0.915656
839	0.915656
840	0.915656
841	0.915656
842	0.915656
843	0.915656
844	0.915656
845	0.915656
846	0.915656
847	0.915656
848	0.915656
849	0.915656
850	0.915656
851	0.915656
852	0.915656
853	0.915656
854	0.915656
855	0.915656
856	0.915656
857	0.915656
858	0.915656
859	0.915656
860	0.915656
861	0.915656
862	0.915656
863	0.915656
864	0.915656
865	0.915656
866	0.915656
867	0.915656
868	0.915656
869	0.915656
870	0.915656
871	0.915656
872	0.915656
873	0.915656
874	0.915656
875	0.915656
876	0.915656
877	0.915656
878	0.915656
879	0.915656
880	0.915656
881	0.915656
882	0.915656
883	0.915656
884	0.915656
885	0.915656
886	0.915656
887	0.915656
888	0.915656
889	0.915656
890	0.915656
891	0.915656
892	0.915656
893	0.915656
894	0.915656
895	0.915656
896	0.915656
897	0.915656
898	0.915656
899	0.915656
900	0.915656
901	0.915656
902	0.915656
903	0.915656
904	0.915656
905	0.915656
906	0.915656
907	0.915656
908	0.915656
909	0.915656
910	0.915656
911	0.915656
912	0.915656
913	0.915656
914	0.915656
915	0.915656
916	0.915656
917	0.915656
918	0.915656
919	0.915656
920	0.915656
921	0.915656
922	0.915656
923	0.915656
924	0.915656
925	0.915656
926	0.915656
927	0.915656
928	0.915656
929	0.915656
930	0.915656
931	0.915656
932	0.915656
933	0.915656
934	0.915656
935	0.915656
936	0.915656
937	0.915656
938	0.915656
939	0.915656
940	0.915656
941	0.915656
942	0.915656
943	0.915656
944	0.915656
945	0.915656
946	0.915656
947	0.915656
948	0.915656
949	0.915656
950	0.915656
951	0.915656
952	0.915656
953	0.915656
954	0.915656
955	0.915656
956	0.915656
957	0.915656
958	0.915656
959	0.915656
960	0.915656
961	0.915656
962	0.915656
963	0.915656
964	0.915656
965	0.915656
966	0.915656
967	0.915656
968	0.915656
969	0.915656
970	0.915656
971	0.915656
972	0.915656
973	0.915656
974	0.915656
975	0.915656
976	0.915656
977	0.915656
978	0.915656
979	0.915656
980	0.915656
981	0.915656
982	0.915656
983	0.915656
984	0.915656
985	0.915656
986	0.915656
987	0.915656
988	0.915656
989	0.915656
990	0.915656
991	0.915656
992	0.915656
993	0.915656
994	0.915656
995	0.915656
996	0.915656
997	0.915656
998	0.915656
999	0.915656
1000	0.915656
1001	0.915656
1002	0.915656
1003	0.915656
1004	0.915656
1005	0.915656
1006	0.915656
1007	0.915656
1008	0.915656
1009	0.915656
1010	0.915656
1011	0.915656
1012	0.915656
1013	0.915656
1014	0.915656
1015	0.915656
1016	0.915656
1017	0.915656
1018	0.915656
1019	0.915656
1020	0.915656
1021	0.915656
1022	0.915656
1023	0.915656
1024	0.915656
1025	0.915656
1026	0.915656
1027	0.915656
1028	0.915656
1029	0.915656
1030	0.915656
1031	0.915656
1032	0.915656
1033	0.915656
1034	0.915656
1035	0.915656
1036	0.915656
1037	0.915656
1038	0.915656
1039	0.915656
1040	0.915656
1041	0.915656
1042	0.915656
1043	0.915656
1044	0.915656
1045	0.915656
1046	0.915656
1047	0.915656
1048	0.915656
1049	0.915656
1050	0.915656
1051	0.915656
1052	0.915656
1053	0.915656
1054	0.915656
1055	0.915656
1056	0.915656
1057	0.915656
1058	0.915656
1059	0.915656
1060	0.915656
1061	0.915656
1062	0.915656
1063	0.915656
1064	0.915656
1065	0.915656
1066	0.915656
1067	0.915656
1068	0.915656
1069	0.915656
1070	0.915656
1071	0.915656
1072	0.915656
1073	0.915656
1074	0.915656
1075	0.915656
1076	0.915656
1077	0.915656
1078	0.915656
1079	0.915656
1080	0.915656
1081	0.915656
1082	0.915656
1083	0.915656
1084	0.915656
1085	0.915656
1086	0.915656
1087	0.915656
1088	0.915656
1089	0.915656
1090	0.915656
1091	0.915656
1092	0.915656
1093	0.915656
1094	0.915656
1095	0.915656
1096	0.915656
1097	0.915656
1098	0.915656
1099	0.915656
1100	0.915656
1101	0.915656
1102	0.915656
1103	0.915656
1104	0.915656
1105	0.915656
1106	0.915656
1107	0.915656
1108	0.915656
1109	0.915656
1110	0.915656
1111	0.915656
1112	0.915656
1113	0.915656
1114	0.915656
1115	0.915656
1116	0.915656
1117	0.915656
1118	0.915656
1119	0.915656
1120	0.915656
1121	0.915656
1122	0.915656
1123	0.915656
1124	0.915656
1125	0.915656
1126	0.915656
1127	0.915656
1128	0.915656
1129	0.915656
1130	0.915656
1131	0.915656
1132	0.915656
1133	0.915656
1134	0.915656
1135	0.915656
1136	0.915656
1137	0.915656
1138	0.915656
1139	0.915656
1140	0.915656
1141	0.915656
1142	0.915656
1143	0.915656
1144	0.915656
1145	0.915656
1146	0.915656
1147	0.915656
1148	0.915656
1149	0.915656
1150	0.915656
1151	0.915656
1152	0.915656
1153	0.915656
1154	0.915656
1155	0.915656
1156	0.915656
1157	0.915656
1158	0.915656
1159	0.915656
1160	0.915656
1161	0.915656
1162	0.915656
1163	0.915656
1164	0.915656
1165	0.915656
1166	0.915656
1167	0.915656
1168	0.915656
1169	0.915656
1170	0.915656
1171	0.915656
1172	0.915656
1173	0.915656
1174	0.915656
1175	0.915656
1176	0.915656
1177	0.915656
1178	0.915656
1179	0.915656
1180	0.915656
1181	0.915656
1182	0.915656
1183	0.915656
1184	0.915656
1185	0.915656
1186	0.915656
1187	0.915656
1188	0.915656
1189	0.915656
1190	0.915656
1191	0.915656
1192	0.915656
1193	0.915656
1194	0.915656
1195	0.915656
1196	0.915656
1197	0.915656
1198	0.915656
1199	0.915656
1200	0.915656
1201	0.915656
1202	0.915656
1203	0.915656
1204	0.915656
1205	0.915656
1206	0.915656
1207	0.915656
1208	0.915656
1209	0.915656
1210	0.915656
1211	0.915656
1212	0.915656
1213	0.915656
1214	0.915656
1215	0.915656
1216	0.915656
1217	0.915656
1218	0.915656
1219	0.915656
1220	0.915656
1221	0.915656
1222	0.915656
1223	0.915656
1224	0.915656
1225	0.915656
1226	0.915656
1227	0.915656
1228	0.915656
1229	0.915656
1230	0.915656
1231	0.915656
1232	0.915656
1233	0.915656
1234	0.915656
1235	0.915656
1236	0.915656
1237	0.915656
1238	0.915656
1239	0.915656
1240	0.915656
1241	0.915656
1242	0.915656
1243	0.915656
1244	0.915656
1245	0.915656
1246	0.915656
1247	0.915656
1248	0.915656
1249	0.915656
1250	0.915656
1251	0.915656
1252	0.915656
1253	0.915656
1254	0.915656
1255	0.915656
1256	0.915656
1257	0.915656
1258	0.915656
1259	0.915656
1260	0.915656
1261	0.915656
1262	0.915656
1263	0.915656
1264	0.915656
1265	0.915656
1266	0.915656
1267	0.915656
1268	0.915656
1269	0.915656
1270	0.915656
1271	0.915656
1272	0.915656
1273	0.915656
1274	0.915656
1275	0.915656
1276	0.915656
1277	0.915656
1278	0.915656
1279	0.915656
1280	0.915656
1281	0.915656
1282	0.915656
1283	0.915656
1284	0.915656
1285	0.915656
1286	0.915656
1287	0.915656
1288	0.915656
1289	0.915656
1290	0.915656
1291	0.915656
1292	0.915656
1293	0.915656
1294	0.915656
1295	0.915656
1296	0.915656
1297	0.915656
1298	0.915656
1299	0.915656
1300	0.915656
1301	0.915656
1302	0.915656
1303	0.915656
1304	0.915656
1305	0.915656
1306	0.915656
1307	0.915656
1308	0.915656
1309	0.915656
1310	0.915656
1311	0.915656
1312	0.915656
1313	0.915656
1314	0.915656
1315	0.915656
1316	0.915656
1317	0.915656
1318	0.915656
1319	0.915656
1320	0.915656
1321	0.915656
1322	0.915656
1323	0.915656
1324	0.915656
1325	0.915656
1326	0.915656
1327	0.915656
1328	0.915656
1329	0.915656
1330	0.915656
1331	0.915656
1332	0.915656
1333	0.915656
1334	0.915656
1335	0.915656
1336	0.915656
1337	0.915656
1338	0.915656
1339	0.915656
1340	0.915656
1341	0.915656
1342	0.915656
1343	0.915656
1344	0.915656
1345	0.915656
1346	0.915656
1347	0.915656
1348	0.915656
1349	0.915656
1350	0.915656
1351	0.915656
1352	0.915656
1353	0.915656
1354	0.915656
1355	0.915656
1356	0.915656
1357	0.915656
1358	0.915656
1359	0.915656
1360	0.915656
1361	0.915656
1362	0.915656
1363	0.915656
1364	0.915656
1365	0.915656
1366	0.915656
1367	0.915656
1368	0.915656
1369	0.915656
1370	0.915656
1371	0.915656
1372	0.915656
1373	0.915656
1374	0.915656
1375	0.915656
1376	0.915656
1377	0.915656
1378	0.915656
1379	0.915656
1380	0.915656
1381	0.915656
1382	0.915656
1383	0.915656
1384	0.915656
1385	0.915656
1386	0.915656
1387	0.915656
1388	0.915656
1389	0.915656
1390	0.915656
1391	0.915656
1392	0.915656
1393	0.915656
1394	0.915656
1395	0.915656
1396	0.915656
1397	0.915656
1398	0.915656
1399	0.915656
1400	0.915656
1401	0.915656
1402	0.915656
1403	0.915656
1404	0.915656
1405	0.915656
1406	0.915656
1407	0.915656
1408	0.915656
1409	0.915656
1410	0.915656
1411	0.915656
1412	0.915656
1413	0.915656
1414	0.915656
1415	0.915656
1416	0.915656
1417	0.915656
1418	0.915656
1419	0.915656
1420	0.915656
1421	0.915656
1422	0.915656
1423	0.915656
1424	0.915656
1425	0.915656
1426	0.915656
1427	0.915656
1428	0.915656
1429	0.915656
1430	0.915656
1431	0.915656
1432	0.915656
1433	0.915656
1434	0.915656
1435	0.915656
1436	0.915656
1437	0.915656
1438	0.915656
1439	0.915656
1440	0.915656
1441	0.915656
1442	0.915656
1443	0.915656
1444	0.915656
1445	0.915656
1446	0.915656
1447	0.915656
1448	0.915656
1449	0.915656
1450	0.915656
1451	0.915656
1452	0.915656
1453	0.915656
1454	0.915656
1455	0.915656
1456	0.915656
1457	0.915656
1458	0.915656
1459	0.915656
1460	0.915656
1461	0.915656
1462	0.915656
1463	0.915656
1464	0.915656
1465	0.915656
1466	0.915656
1467	0.915656
1468	0.915656
1469	0.915656
1470	0.915656
1471	0.915656
1472	0.915656
1473	0.915656
1474	0.915656
1475	0.915656
1476	0.915656
1477	0.915656
1478	0.915656
1479	0.915656
1480	0.915656
1481	0.915656
1482	0.915656
1483	0.915656
1484	0.915656
1485	0.915656
1486	0.915656
1487	0.915656
1488	0.915656
1489	0.915656
1490	0.915656
1491	0.915656
1492	0.915656
1493	0.915656
1494	0.915656
1495	0.915656
1496	0.915656
1497	0.915656
1498	0.915656
1499	0.915656
1500	0.915656
1501	0.915656
1502	0.915656
1503	0.915656
1504	0.915656
1505	0.915656
1506	0.915656
1507	0.915656
1508	0.915656
1509	0.915656
1510	0.915656
1511	0.915656
1512	0.915656
1513	0.915656
1514	0.915656
1515	0.915656
1516	0.915656
1517	0.915656
1518	0.915656
1519	0.915656
1520	0.915656
1521	0.915656
1522	0.915656
1523	0.915656
1524	0.915656
1525	0.915656
1526	0.915656
1527	0.915656
1528	0.915656
1529	0.915656
1530	0.915656
1531	0.915656
1532	0.915656
1533	0.915656
1534	0.915656
1535	0.915656
1536	0.915656
1537	0.915656
1538	0.915656
1539	0.915656
1540	0.915656
1541	0.915656
1542	0.915656
1543	0.915656
1544	0.915656
1545	0.915656
1546	0.915656
1547	0.915656
1548	0.915656
1549	0.915656
1550	0.915656
1551	0.915656
1552	0.915656
1553	0.915656
1554	0.915656
1555	0.915656
1556	0.915656
1557	0.915656
1558	0.915656
1559	0.915656
1560	0.915656
1561	0.915656
1562	0.915656
1563	0.915656
1564	0.915656
1565	0.915656
1566	0.915656
1567	0.915656
1568	0.915656
1569	0.915656
1570	0.915656
1571	0.915656
1572	0.915656
1573	0.915656
1574	0.915656
1575	0.915656
1576	0.915656
1577	0.915656
1578	0.915656
1579	0.915656
1580	0.915656
1581	0.915656
1582	0.915656
1583	0.915656
1584	0.915656
1585	0.915656
1586	0.915656
1587	0.915656
1588	0.915656
1589	0.915656
1590	0.915656
1591	0.915656
1592	0.915656
1593	0.915656
1594	0.915656
1595	0.915656
1596	0.915656
1597	0.915656
1598	0.915656
1599	0.915656
1600	0.915656
1601	0.915656
1602	0.915656
1603	0.915656
1604	0.915656
1605	0.915656
1606	0.915656
1607	0.915656
1608	0.915656
1609	0.915656
1610	0.915656
1611	0.915656
1612	0.915656
1613	0.915656
1614	0.915656
1615	0.915656
1616	0.915656
1617	0.915656
1618	0.915656
1619	0.915656
1620	0.915656
1621	0.915656
1622	0.915656
1623	0.915656
1624	0.915656
1625	0.915656
1626	0.915656
1627	0.915656
1628	0.915656
1629	0.915656
1630	0.915656
1631	0.915656
1632	0.915656
1633	0.915656
1634	0.915656
1635	0.915656
1636	0.915656
1637	0.915656
1638	0.915656
1639	0.915656
1640	0.915656
1641	0.915656
1642	0.915656
1643	0.915656
1644	0.915656
1645	0.915656
1646	0.915656
1647	0.915656
1648	0.915656
1649	0.915656
1650	0.915656
1651	0.915656
1652	0.915656
1653	0.915656
1654	0.915656
1655	0.915656
1656	0.915656
1657	0.915656
1658	0.915656
1659	0.915656
1660	0.915656
1661	0.915656
1662	0.915656
1663	0.915656
1664	0.915656
1665	0.915656
1666	0.915656
1667	0.915656
1668	0.915656
1669	0.915656
1670	0.915656
1671	0.915656
1672	0.915656
1673	0.915656
1674	0.915656
1675	0.915656
1676	0.915656
1677	0.915656
1678	0.915656
1679	0.915656
1680	0.915656
1681	0.915656
1682	0.915656
1683	0.915656
1684	0.915656
1685	0.915656
1686	0.915656
1687	0.915656
1688	0.915656
1689	0.915656
1690	0.915656
1691	0.915656
1692	0.915656
1693	0.915656
1694	0.915656
1695	0.915656
1696	0.915656
1697	0.915656
1698	0.915656
1699	0.915656
1700	0.915656
1701	0.915656
1702	0.915656
1703	0.915656
1704	0.915656
1705	0.915656
1706	0.915656
1707	0.915656
1708	0.915656
1709	0.915656
1710	0.915656
1711	0.915656
1712	0.915656
1713	0.915656
1714	0.915656
1715	0.915656
1716	0.915656
1717	0.915656
1718	0.915656
1719	0.915656
1720	0.915656
1721	0.915656
1722	0.915656
1723	0.915656
1724	0.915656
1725	0.915656
1726	0.915656
1727	0.915656
1728	0.915656
1729	0.915656
1730	0.915656
1731	0.915656
1732	0.915656
1733	0.915656
1734	0.915656
1735	0.915656
1736	0.915656
1737	0.915656
1738	0.915656
1739	0.915656
1740	0.915656
1741	0.915656
1742	0.915656
1743	0.915656
1744	0.915656
1745	0.915656
1746	0.915656
1747	0.915656
1748	0.915656
1749	0.915656
1750	0.915656
1751	0.915656
1752	0.915656
1753	0.915656
1754	0.915656
1755	0.915656
1756	0.915656
1757	0.915656
1758	0.915656
1759	0.915656
1760	0.915656
1761	0.915656
1762	0.915656
1763	0.915656
1764	0.915656
1765	0.915656
1766	0.915656
1767	0.915656
1768	0.915656
1769	0.915656
1770	0.915656
1771	0.915656
1772	0.915656
1773	0.915656
1774	0.915656
1775	0.915656
1776	0.915656
1777	0.915656
1778	0.915656
1779	0.915656
1780	0.915656
1781	0.915656
1782	0.915656
1783	0.915656
1784	0.915656
1785	0.915656
1786	0.915656
1787	0.915656
1788	0.915656
1789	0.915656
1790	0.915656
1791	0.915656
1792	0.915656
1793	0.915656
1794	0.915656
1795	0.915656
1796	0.915656
1797	0.915656
1798	0.915656
1799	0.915656
1800	0.915656
1801	0.915656
1802	0.915656
1803	0.915656
1804	0.915656
1805	0.915656
1806	0.915656
1807	0.915656
1808	0.915656
1809	0.915656
1810	0.915656
1811	0.915656
1812	0.915656
1813	0.915656
1814	0.915656
1815	0.915656
1816	0.915656
1817	0.915656
1818	0.915656
1819	0.915656
1820	0.915656
1821	0.915656
1822	0.915656
1823	0.915656
1824	0.915656
1825	0.915656
1826	0.915656
1827	0.915656
1828	0.915656
1829	0.915656
1830	0.915656
1831	0.915656
1832	0.915656
1833	0.915656
1834	0.915656
1835	0.915656
1836	0.915656
1837	0.915656
1838	0.915656
1839	0.915656
1840	0.915656
1841	0.915656
1842	0.915656
1843	0.915656
1844	0.915656
1845	0.915656
1846	0.915656
1847	0.915656
1848	0.915656
1849	0.915656
1850	0.915656
1851	0.915656
1852	0.915656
1853	0.915656
1854	0.915656
1855	0.915656
1856	0.915656
1857	0.915656
1858	0.915656
1859	0.915656
1860	0.915656
1861	0.915656
1862	0.915656
1863	0.915656
1864	0.915656
1865	0.915656
1866	0.915656
1867	0.915656
1868	0.915656
1869	0.915656
1870	0.915656
1871	0.915656
1872	0.915656
1873	0.915656
1874	0.915656
1875	0.915656
1876	0.915656
1877	0.915656
1878	0.915656
1879	0.915656
1880	0.915656
1881	0.915656
1882	0.915656
1883	0.915656
1884	0.915656
1885	0.915656
1886	0.915656
1887	0.915656
1888	0.915656
1889	0.915656
1890	0.915656
1891	0.915656
1892	0.915656
1893	0.915656
1894	0.915656
1895	0.915656
1896	0.915656
1897	0.915656
1898	0.915656
1899	0.915656
1900	0.915656
1901	0.915656
1902	0.915656
1903	0.915656
1904	0.915656
1905	0.915656
1906	0.915656
1907	0.915656
1908	0.915656
1909	0.915656
1910	0.915656
1911	0.915656
1912	0.915656
1913	0.915656
1914	0.915656
1915	0.915656
1916	0.915656
1917	0.915656
1918	0.915656
1919	0.915656
1920	0.915656
1921	0.915656
1922	0.915656
1923	0.915656
1924	0.915656
1925	0.915656
1926	0.915656
1927	0.915656
1928	0.915656
1929	0.915656
1930	0.915656
1931	0.915656
1932	0.915656
1933	0.915656
1934	0.915656
1935	0.915656
1936	0.915656
1937	0.915656
1938	0.915656
1939	0.915656
1940	0.915656
1941	0.915656
1942	0.915656
1943	0.915656
1944	0.915656
1945	0.915656
1946	0.915656
1947	0.915656
1948	0.915656
1949	0.915656
1950	0.915656
1951	0.915656
1952	0.915656
1953	0.915656
1954	0.915656
1955	0.915656
1956	0.915656
1957	0.915656
1958	0.915656
1959	0.915656
1960	0.915656
1961	0.915656
1962	0.915656
1963	0.915656
1964	0.915656
1965	0.915656
1966	0.915656
1967	0.915656
1968	0.915656
1969	0.915656
1970	0.915656
1971	0.915656
1972	0.915656
1973	0.915656
1974	0.915656
1975	0.915656
1976	0.915656
1977	0.915656
1978	0.915656
1979	0.915656
1980	0.915656
1981	0.915656
1982	0.915656
1983	0.915656
1984	0.915656
1985	0.915656
1986	0.915656
1987	0.915656
1988	0.915656
1989	0.915656
1990	0.915656
1991	0.915656
1992	0.915656
1993	0.915656
1994	0.915656
1995	0.915656
1996	0.915656
1997	0.915656
1998	0.915656
1999	0.915656
2000	0.915656
2001	0.915656
2002	0.915656
2003	0.915656
2004	0.915656
2005	0.915656
2006	0.915656
2007	0.915656
2008	0.915656
2009	0.915656
2010	0.915656
2011	0.915656
2012	0.915656
2013	0.915656
2014	0.915656
2015	0.915656
2016	0.915656
2017	0.915656
2018	0.915656
2019	0.915656
2020	0.915656
2021	0.915656
2022	0.915656
2023	0.915656
2024	0.915656
2025	0.915656
2026	0.915656
2027	0.915656
2028	0.915656
2029	0.915656
2030	0.915656
2031	0.915656
2032	0.915656
2033	0.915656
2034	0.915656
2035	0.915656
2036	0.915656
2037	0.915656
2038	0.915656
2039	0.915656
2040	0.915656
2041	0.915656
2042	0.915656
2043	0.915656
2044	0.915656
2045	0.915656
2046	0.915656
2047	0.915656
2048	0.915656
2049	0.915656
2050	0.915656
2051	0.915656
2052	0.915656
2053	0.915656
2054	0.915656
2055	0.915656
2056	0.915656
2057	0.915656
2058	0.915656
2059	0.915656
2060	0.915656
2061	0.915656
2062	0.915656
2063	0.915656
2064	0.915656
2065	0.915656
2066	0.915656
2067	0.915656
2068	0.915656
2069	0.915656
2070	0.915656
2071	0.915656
2072	0.915656
2073	0.915656
2074	0.915656
2075	0.915656
2076	0.915656
2077	0.915656
2078	0.915656
2079	0.915656
2080	0.915656
2081	0.915656
2082	0.915656
2083	0.915656
2084	0.915656
2085	0.915656
2086	0.915656
2087	0.915656
2088	0.915656
2089	0.915656
2090	0.915656
2091	0.915656
2092	0.915656
2093	0.915656
2094	0.915656
2095	0.915656
2096	0.915656
2097	0.915656
2098	0.915656
2099	0.915656
2100	0.915656
2101	0.915656
2102	0.915656
2103	0.915656
2104	0.915656
2105	0.915656
2106	0.915656
2107	0.915656
2108	0.915656
2109	0.915656
2110	0.915656
2111	0.915656
2112	0.915656
2113	0.915656
2114	0.915656
2115	0.915656
2116	0.915656
2117	0.915656
2118	0.915656
2119	0.915656
2120	0.915656
2121	0.915656
2122	0.915656
2123	0.915656
2124	0.915656
2125	0.915656
2126	0.915656
2127	0.915656
2128	0.915656
2129	0.915656
2130	0.915656
2131	0.915656
2132	0.915656
2133	0.915656
2134	0.915656
2135	0.915656
2136	0.915656
2137	0.915656
2138	0.915656
2139	0.915656
2140	0.915656
2141	0.915656
2142	0.915656
2143	0.915656
2144	0.915656
2145	0.915656
2146	0.915656
2147	0.915656
2148	0.915656
2149	0.915656
2150	0.915656
2151	0.915656
2152	0.915656
2153	0.915656
2154	0.915656
2155	0.915656
2156	0.915656
2157	0.915656
2158	0.915656
2159	0.915656
2160	0.915656
2161	0.915656
2162	0.915656
2163	0.915656
2164	0.915656
2165	0.915656
2166	0.915656
2167	0.915656
2168	0.915656
2169	0.915656
2170	0.915656
2171	0.915656
2172	0.915656
2173	0.915656
2174	0.915656
2175	0.915656
2176	0.915656
2177	0.915656
2178	0.915656
2179	0.915656
2180	0.915656
2181	0.915656
2182	0.915656
2183	0.915656
2184	0.915656
2185	0.915656
2186	0.915656
2187	0.915656
2188	0.915656
2189	0.915656
2190	0.915656
2191	0.915656
2192	0.915656
2193	0.915656
2194	0.915656
2195	0.915656
2196	0.915656
2197	0.915656
2198	0.915656
2199	0.915656
2200	0.915656
2201	0.915656
2202	0.915656
2203	0.915656
2204	0.915656
2205	0.915656
2206	0.915656
2207	0.915656
2208	0.915656
2209	0.915656
2210	0.915656
2211	0.915656
2212	0.915656
2213	0.915656
2214	0.915656
2215	0.915656
2216	0.915656
2217	0.915656
2218	0.915656
2219	0.915656
2220	0.915656
2221	0.915656
2222	0.915656
2223	0.915656
2224	0.915656
2225	0.915656
2226	0.915656
2227	0.915656
2228	0.915656
2229	0.915656
2230	0.915656
2231	0.915656
2232	0.915656
2233	0.915656
2234	0.915656
2235	0.915656
2236	0.935475
2237	0.935475
2238	0.935475
2239	0.935475
2240	0.935475
2241	0.935475
2242	0.935475
2243	0.936397
2244	0.936397
2245	0.936397
2246	0.936397
2247	0.936397
2248	0.936397
2249	0.945154
2250	0.945154
2251	0.945154
2252	0.945154
2253	0.945154
2254	0.945154
2255	0.945154
2256	0.945154
2257	0.955754
2258	0.955754
2259	0.955754
2260	0.955754
2261	0.955754
2262	0.955754
2263	0.955754
2264	0.955754
2265	0.955754
2266	0.955754
2267	0.955754
2268	0.955754
2269	0.955754
2270	0.955754
2271	0.955754
2272	0.955754
2273	0.955754
2274	0.955754
2275	0.955754
2276	0.955754
2277	0.955754
2278	0.955754
2279	0.955754
2280	0.955754
2281	0.955754
2282	0.955754
2283	0.955754
2284	0.955754
2285	0.955754
2286	0.955754
2287	0.955754
2288	0.955754
2289	0.955754
2290	0.955754
2291	0.955754
2292	0.955754
2293	0.955754
2294	0.955754
2295	0.955754
2296	0.955754
2297	0.955754
2298	0.955754
2299	0.955754
2300	0.955754
2301	0.955754
2302	0.955754
2303	0.955754
2304	0.955754
2305	0.955754
2306	0.955754
2307	0.955754
2308	0.955754
2309	0.955754
2310	0.955754
2311	0.955754
2312	0.955754
2313	0.955754
2314	0.955754
2315	0.955754
2316	0.955754
2317	0.955754
2318	0.955754
2319	0.955754
2320	0.955754
2321	0.955754
2322	0.955754
2323	0.955754
2324	0.955754
2325	0.955754
2326	0.955754
2327	0.955754
2328	0.955754
2329	0.955754
2330	0.955754
2331	0.955754
2332	0.955754
2333	0.955754
2334	0.955754
2335	0.955754
2336	0.955754
2337	0.955754
2338	0.955754
2339	0.955754
2340	0.955754
2341	0.955754
2342	0.955754
2343	0.955754
2344	0.955754
2345	0.955754
2346	0.955754
2347	0.955754
2348	0.955754
2349	0.955754
2350	0.955754
2351	0.955754
2352	0.955754
2353	0.955754
2354	0.955754
2355	0.955754
2356	0.955754
2357	0.955754
2358	0.955754
2359	0.955754
2360	0.955754
2361	0.955754
2362	0.955754
2363	0.955754
2364	0.955754
2365	0.955754
2366	0.955754
2367	0.955754
2368	0.955754
2369	0.955754
2370	0.955754
2371	0.955754
2372	0.955754
2373	0.955754
2374	0.955754
2375	0.955754
2376	0.955754
2377	0.955754
2378	0.955754
2379	0.955754
2380	0.955754
2381	0.955754
2382	0.955754
2383	0.955754
2384	0.955754
2385	0.955754
2386	0.955754
2387	0.955754
2388	0.955754
2389	0.955754
2390	0.955754
2391	0.955754
2392	0.955754
2393	0.955754
2394	0.955754
2395	0.955754
2396	0.955754
2397	0.955754
2398	0.955754
2399	0.955754
2400	0.955754
2401	0.955754
2402	0.955754
2403	0.955754
2404	0.955754
2405	0.955754
2406	0.955754
2407	0.955754
2408	0.955754
2409	0.955754
2410	0.955754
2411	0.955754
2412	0.955754
2413	0.955754
2414	0.955754
2415	0.955754
2416	0.955754
2417	0.955754
2418	0.955754
2419	0.955754
2420	0.955754
2421	0.955754
2422	0.955754
2423	0.955754
2424	0.955754
2425	0.955754
2426	0.955754
2427	0.955754
2428	0.955754
2429	0.955754
2430	0.955754
2431	0.955754
2432	0.955754
2433	0.955754
2434	0.955754
2435	0.955754
2436	0.955754
2437	0.955754
2438	0.955754
2439	0.955754
2440	0.955754
2441	0.955754
2442	0.955754
2443	0.955754
2444	0.955754
2445	0.955754
2446	0.955754
2447	0.955754
2448	0.955754
2449	0.955754
2450	0.955754
2451	0.955754
2452	0.955754
2453	0.955754
2454	0.955754
2455	0.955754
2456	0.955754
2457	0.955754
2458	0.955754
2459	0.955754
2460	0.955754
2461	0.955754
2462	0.955754
2463	0.955754
2464	0.955754
2465	0.955754
2466	0.955754
2467	0.955754
2468	0.955754
2469	0.955754
2470	0.955754
2471	0.955754
2472	0.955754
2473	0.955754
2474	0.955754
2475	0.955754
2476	0.955754
2477	0.955754
2478	0.955754
2479	0.955754
2480	0.955754
2481	0.955754
2482	0.955754
2483	0.955754
2484	0.955754
2485	0.955754
2486	0.955754
2487	0.955754
2488	0.955754
2489	0.955754
2490	0.955754
2491	0.955754
2492	0.955754
2493	0.955754
2494	0.955754
2495	0.955754
2496	0.955754
2497	0.955754
2498	0.955754
2499	0.955754
2500	0.955754
2501	0.955754
2502	0.955754
2503	0.955754
2504	0.955754
2505	0.955754
2506	0.955754
2507	0.955754
2508	0.955754
2509	0.955754
2510	0.955754
2511	0.955754
2512	0.955754
2513	0.955754
2514	0.955754
2515	0.955754
2516	0.955754
2517	0.955754
2518	0.955754
2519	0.955754
2520	0.955754
2521	0.955754
2522	0.955754
2523	0.955754
2524	0.955754
2525	0.955754
2526	0.955754
2527	0.955754
2528	0.955754
2529	0.955754
2530	0.955754
2531	0.955754
2532	0.955754
2533	0.955754
2534	0.955754
2535	0.955754
2536	0.955754
2537	0.955754
2538	0.955754
2539	0.955754
2540	0.955754
2541	0.955754
2542	0.955754
2543	0.955754
2544	0.955754
2545	0.955754
2546	0.955754
2547	0.955754
2548	0.955754
2549	0.955754
2550	0.955754
2551	0.955754
2552	0.955754
2553	0.955754
2554	0.955754
2555	0.955754
2556	0.955754
2557	0.955754
2558	0.955754
2559	0.955754
2560	0.955754
2561	0.955754
2562	0.955754
2563	0.955754
2564	0.955754
2565	0.955754
2566	0.955754
2567	0.955754
2568	0.955754
2569	0.955754
2570	0.955754
2571	0.955754
2572	0.955754
2573	0.955754
2574	0.955754
2575	0.955754
2576	0.955754
2577	0.955754
2578	0.955754
2579	0.955754
2580	0.955754
2581	0.955754
2582	0.955754
2583	0.955754
2584	0.955754
2585	0.955754
2586	0.955754
2587	0.955754
2588	0.955754
2589	0.955754
2590	0.955754
2591	0.955754
2592	0.955754
2593	0.955754
2594	0.955754
2595	0.955754
2596	0.955754
2597	0.955754
2598	0.955754
2599	0.955754
2600	0.955754
2601	0.955754
2602	0.955754
2603	0.955754
2604	0.955754
2605	0.955754
2606	0.955754
2607	0.955754
2608	0.955754
2609	0.955754
2610	0.955754
2611	0.955754
2612	0.955754
2613	0.955754
2614	0.955754
2615	0.955754
2616	0.955754
2617	0.955754
2618	0.955754
2619	0.955754
2620	0.955754
2621	0.955754
2622	0.955754
2623	0.955754
2624	0.955754
2625	0.955754
2626	0.955754
2627	0.955754
2628	0.955754
2629	0.955754
2630	0.955754
2631	0.955754
2632	0.955754
2633	0.955754
2634	0.955754
2635	0.955754
2636	0.955754
2637	0.955754
2638	0.955754
2639	0.955754
2640	0.955754
2641	0.955754
2642	0.955754
2643	0.955754
2644	0.955754
2645	0.955754
2646	0.955754
2647	0.955754
2648	0.955754
2649	0.955754
2650	0.955754
2651	0.955754
2652	0.955754
2653	0.955754
2654	0.955754
2655	0.955754
2656	0.955754
2657	0.955754
2658	0.955754
2659	0.955754
2660	0.955754
2661	0.955754
2662	0.955754
2663	0.955754
2664	0.955754
2665	0.955754
2666	0.955754
2667	0.955754
2668	0.955754
2669	0.955754
2670	0.955754
2671	0.955754
2672	0.955754
2673	0.955754
2674	0.955754
2675	0.955754
2676	0.955754
2677	0.955754
2678	0.955754
2679	0.955754
2680	0.955754
2681	0.955754
2682	0.955754
2683	0.955754
2684	0.955754
2685	0.955754
2686	0.955754
2687	0.955754
2688	0.955754
2689	0.955754
2690	0.955754
2691	0.955754
2692	0.955754
2693	0.955754
2694	0.955754
2695	0.955754
2696	0.955754
2697	0.955754
2698	0.955754
2699	0.955754
2700	0.955754
2701	0.955754
2702	0.955754
2703	0.955754
2704	0.955754
2705	0.955754
2706	0.955754
2707	0.955754
2708	0.955754
2709	0.955754
2710	0.955754
2711	0.955754
2712	0.955754
2713	0.955754
2714	0.955754
2715	0.955754
2716	0.955754
2717	0.955754
2718	0.955754
2719	0.955754
2720	0.955754
2721	0.955754
2722	0.955754
2723	0.955754
2724	0.955754
2725	0.955754
2726	0.955754
2727	0.955754
2728	0.955754
2729	0.955754
2730	0.955754
2731	0.955754
2732	0.955754
2733	0.955754
2734	0.955754
2735	0.955754
2736	0.955754
2737	0.955754
2738	0.955754
2739	0.955754
2740	0.955754
2741	0.955754
2742	0.955754
2743	0.955754
2744	0.955754
2745	0.955754
2746	0.955754
2747	0.955754
2748	0.955754
2749	0.955754
2750	0.955754
2751	0.955754
2752	0.955754
2753	0.955754
2754	0.955754
2755	0.955754
2756	0.955754
2757	0.955754
2758	0.955754
2759	0.955754
2760	0.955754
2761	0.955754
2762	0.955754
2763	0.955754
2764	0.955754
2765	0.955754
2766	0.955754
2767	0.955754
2768	0.955754
2769	0.955754
2770	0.955754
2771	0.955754
2772	0.955754
2773	0.955754
2774	0.955754
2775	0.955754
2776	0.955754
2777	0.955754
2778	0.955754
2779	0.955754
2780	0.955754
2781	0.955754
2782	0.955754
2783	0.955754
2784	0.955754
2785	0.955754
2786	0.955754
2787	0.955754
2788	0.955754
2789	0.955754
2790	0.955754
2791	0.955754
2792	0.955754
2793	0.955754
2794	0.955754
2795	0.955754
2796	0.955754
2797	0.955754
2798	0.955754
2799	0.955754
2800	0.955754
2801	0.955754
2802	0.955754
2803	0.955754
2804	0.955754
2805	0.955754
2806	0.955754
2807	0.955754
2808	0.955754
2809	0.955754
2810	0.955754
2811	0.955754
2812	0.955754
2813	0.955754
2814	0.955754
2815	0.955754
2816	0.955754
2817	0.955754
2818	0.955754
2819	0.955754
2820	0.955754
2821	0.955754
2822	0.955754
2823	0.955754
2824	0.955754
2825	0.955754
2826	0.955754
2827	0.955754
2828	0.955754
2829	0.955754
2830	0.955754
2831	0.955754
2832	0.955754
2833	0.955754
2834	0.955754
2835	0.955754
2836	0.955754
2837	0.955754
2838	0.955754
2839	0.955754
2840	0.955754
2841	0.955754
2842	0.955754
2843	0.955754
2844	0.955754
2845	0.955754
2846	0.955754
2847	0.955754
2848	0.955754
2849	0.955754
2850	0.955754
2851	0.955754
2852	0.955754
2853	0.955754
2854	0.955754
2855	0.955754
2856	0.955754
2857	0.955754
2858	0.955754
2859	0.955754
2860	0.955754
2861	0.955754
2862	0.955754
2863	0.955754
2864	0.955754
2865	0.955754
2866	0.955754
2867	0.955754
2868	0.955754
2869	0.955754
2870	0.955754
2871	0.955754
2872	0.955754
2873	0.955754
2874	0.955754
2875	0.955754
2876	0.955754
2877	0.955754
2878	0.955754
2879	0.955754
2880	0.955754
2881	0.955754
2882	0.955754
2883	0.955754
2884	0.955754
2885	0.955754
2886	0.955754
2887	0.955754
2888	0.955754
2889	0.955754
2890	0.955754
2891	0.955754
2892	0.955754
2893	0.955754
2894	0.955754
2895	0.955754
2896	0.955754
2897	0.955754
2898	0.955754
2899	0.955754
2900	0.955754
2901	0.955754
2902	0.955754
2903	0.955754
2904	0.955754
2905	0.955754
2906	0.955754
2907	0.955754
2908	0.955754
2909	0.955754
2910	0.955754
2911	0.955754
2912	0.955754
2913	0.955754
2914	0.955754
2915	0.955754
2916	0.955754
2917	0.955754
2918	0.955754
2919	0.955754
2920	0.955754
2921	0.955754
2922	0.955754
2923	0.955754
2924	0.955754
2925	0.955754
2926	0.955754
2927	0.955754
2928	0.955754
2929	0.955754
2930	0.955754
2931	0.955754
2932	0.955754
2933	0.955754
2934	0.955754
2935	0.955754
2936	0.955754
2937	0.955754
2938	0.955754
2939	0.955754
2940	0.955754
2941	0.955754
2942	0.955754
2943	0.955754
2944	0.955754
2945	0.955754
2946	0.955754
2947	0.955754
2948	0.955754
2949	0.955754
2950	0.955754
2951	0.955754
2952	0.955754
2953	0.955754
2954	0.955754
2955	0.955754
2956	0.955754
2957	0.955754
2958	0.955754
2959	0.955754
2960	0.955754
2961	0.955754
2962	0.955754
2963	0.955754
2964	0.955754
2965	0.955754
2966	0.955754
2967	0.955754
2968	0.955754
2969	0.955754
2970	0.955754
2971	0.955754
2972	0.955754
2973	0.955754
2974	0.955754
2975	0.955754
2976	0.955754
2977	0.955754
2978	0.955754
2979	0.955754
2980	0.955754
2981	0.955754
2982	0.955754
2983	0.955754
2984	0.955754
2985	0.955754
2986	0.955754
2987	0.955754
2988	0.955754
2989	0.955754
2990	0.955754
2991	0.955754
2992	0.955754
2993	0.955754
2994	0.955754
2995	0.955754
2996	0.955754
2997	0.955754
2998	0.955754
2999	0.955754
3000	0.955754
3001	0.955754
3002	0.955754
3003	0.955754
3004	0.955754
3005	0.955754
3006	0.955754
3007	0.955754
3008	0.955754
3009	0.955754
3010	0.955754
3011	0.955754
3012	0.955754
3013	0.955754
3014	0.955754
3015	0.955754
3016	0.955754
3017	0.955754
3018	0.955754
3019	0.955754
3020	0.955754
3021	0.955754
3022	0.955754
3023	0.955754
3024	0.955754
3025	0.955754
3026	0.955754
3027	0.955754
3028	0.955754
3029	0.955754
3030	0.955754
3031	0.955754
3032	0.955754
3033	0.955754
3034	0.955754
3035	0.955754
3036	0.955754
3037	0.955754
3038	0.955754
3039	0.955754
3040	0.955754
3041	0.955754
3042	0.955754
3043	0.955754
3044	0.955754
3045	0.955754
3046	0.955754
3047	0.955754
3048	0.955754
3049	0.955754
3050	0.955754
3051	0.955754
3052	0.955754
3053	0.955754
3054	0.955754
3055	0.955754
3056	0.955754
3057	0.955754
3058	0.955754
3059	0.955754
3060	0.955754
3061	0.955754
3062	0.955754
3063	0.955754
3064	0.955754
3065	0.955754
3066	0.955754
3067	0.955754
3068	0.955754
3069	0.955754
3070	0.955754
3071	0.955754
3072	0.955754
3073	0.955754
3074	0.955754
3075	0.955754
3076	0.955754
3077	0.955754
3078	0.955754
3079	0.955754
3080	0.955754
3081	0.955754
3082	0.955754
3083	0.955754
3084	0.955754
3085	0.955754
3086	0.955754
3087	0.955754
3088	0.955754
3089	0.955754
3090	0.955754
3091	0.955754
3092	0.955754
3093	0.955754
3094	0.955754
3095	0.955754
3096	0.955754
3097	0.955754
3098	0.955754
3099	0.955754
3100	0.955754
3101	0.955754
3102	0.955754
3103	0.955754
3104	0.955754
3105	0.955754
3106	0.955754
3107	0.955754
3108	0.955754
3109	0.955754
3110	0.955754
3111	0.955754
3112	0.955754
3113	0.955754
3114	0.955754
3115	0.955754
3116	0.955754
3117	0.955754
3118	0.955754
3119	0.955754
3120	0.955754
3121	0.955754
3122	0.955754
3123	0.955754
3124	0.955754
3125	0.955754
3126	0.955754
3127	0.955754
3128	0.955754
3129	0.955754
3130	0.955754
3131	0.955754
3132	0.955754
3133	0.955754
3134	0.955754
3135	0.955754
3136	0.955754
3137	0.955754
3138	0.955754
3139	0.955754
3140	0.955754
3141	0.955754
3142	0.955754
3143	0.955754
3144	0.955754
3145	0.955754
3146	0.955754
3147	0.955754
3148	0.955754
3149	0.955754
3150	0.955754
3151	0.955754
3152	0.955754
3153	0.955754
3154	0.955754
3155	0.955754
3156	0.955754
3157	0.955754
3158	0.955754
3159	0.955754
3160	0.955754
3161	0.955754
3162	0.955754
3163	0.955754
3164	0.955754
3165	0.955754
3166	0.955754
3167	0.955754
3168	0.955754
3169	0.955754
3170	0.955754
3171	0.955754
3172	0.955754
3173	0.955754
3174	0.955754
3175	0.955754
3176	0.955754
3177	0.955754
3178	0.955754
3179	0.955754
3180	0.955754
3181	0.955754
3182	0.955754
3183	0.955754
3184	0.955754
3185	0.955754
3186	0.955754
3187	0.955754
3188	0.955754
3189	0.955754
3190	0.955754
3191	0.955754
3192	0.955754
3193	0.955754
3194	0.955754
3195	0.955754
3196	0.955754
3197	0.955754
3198	0.955754
3199	0.955754
3200	0.955754
3201	0.955754
3202	0.955754
3203	0.955754
3204	0.955754
3205	0.955754
3206	0.955754
3207	0.955754
3208	0.955754
3209	0.955754
3210	0.955754
3211	0.955754
3212	0.955754
3213	0.955754
3214	0.955754
3215	0.955754
3216	0.955754
3217	0.955754
3218	0.955754
3219	0.955754
3220	0.955754
3221	0.955754
3222	0.955754
3223	0.955754
3224	0.955754
3225	0.955754
3226	0.955754
3227	0.955754
3228	0.955754
3229	0.955754
3230	0.955754
3231	0.955754
3232	0.955754
3233	0.955754
3234	0.955754
3235	0.955754
3236	0.955754
3237	0.955754
3238	0.955754
3239	0.955754
3240	0.955754
3241	0.955754
3242	0.955754
3243	0.955754
3244	0.955754
3245	0.955754
3246	0.955754
3247	0.955754
3248	0.955754
3249	0.955754
3250	0.955754
3251	0.955754
3252	0.955754
3253	0.955754
3254	0.955754
3255	0.955754
3256	0.955754
3257	0.955754
3258	0.955754
3259	0.955754
3260	0.955754
3261	0.955754
3262	0.955754
3263	0.955754
3264	0.955754
3265	0.955754
3266	0.955754
3267	0.955754
3268	0.955754
3269	0.955754
3270	0.955754
3271	0.955754
3272	0.955754
3273	0.955754
3274	0.955754
3275	0.955754
3276	0.955754
3277	0.955754
3278	0.955754
3279	0.955754
3280	0.955754
3281	0.955754
3282	0.955754
3283	0.955754
3284	0.955754
3285	0.955754
3286	0.955754
3287	0.955754
3288	0.955754
3289	0.955754
3290	0.955754
3291	0.955754
3292	0.955754
3293	0.955754
3294	0.955754
3295	0.955754
3296	0.955754
3297	0.955754
3298	0.955754
3299	0.955754
3300	0.955754
3301	0.955754
3302	0.955754
3303	0.955754
3304	0.955754
3305	0.955754
3306	0.955754
3307	0.955754
3308	0.955754
3309	0.955754
3310	0.955754
3311	0.955754
3312	0.955754
3313	0.955754
3314	0.955754
3315	0.955754
3316	0.955754
3317	0.955754
3318	0.955754
3319	0.955754
3320	0.955754
3321	0.955754
3322	0.955754
3323	0.955754
3324	0.955754
3325	0.955754
3326	0.955754
3327	0.955754
3328	0.955754
3329	0.955754
3330	0.955754
3331	0.955754
3332	0.955754
3333	0.955754
3334	0.955754
3335	0.955754
3336	0.955754
3337	0.955754
3338	0.955754
3339	0.955754
3340	0.955754
3341	0.955754
3342	0.955754
3343	0.955754
3344	0.955754
3345	0.955754
3346	0.955754
3347	0.955754
3348	0.955754
3349	0.955754
3350	0.955754
3351	0.955754
3352	0.955754
3353	0.955754
3354	0.955754
3355	0.955754
3356	0.955754
3357	0.955754
3358	0.955754
3359	0.955754
3360	0.955754
3361	0.955754
3362	0.955754
3363	0.955754
3364	0.955754
3365	0.955754
3366	0.955754
3367	0.955754
3368	0.955754
3369	0.955754
3370	0.955754
3371	0.955754
3372	0.955754
3373	0.955754
3374	0.955754
3375	0.955754
3376	0.955754
3377	0.955754
3378	0.955754
3379	0.955754
3380	0.955754
3381	0.955754
3382	0.955754
3383	0.955754
3384	0.955754
3385	0.955754
3386	0.955754
3387	0.955754
3388	0.955754
3389	0.955754
3390	0.955754
3391	0.955754
3392	0.955754
3393	0.955754
3394	0.955754
3395	0.955754
3396	0.955754
3397	0.955754
3398	0.955754
3399	0.955754
3400	0.955754
3401	0.955754
3402	0.955754
3403	0.955754
3404	0.955754
3405	0.955754
3406	0.955754
3407	0.955754
3408	0.955754
3409	0.955754
3410	0.955754
3411	0.955754
3412	0.955754
3413	0.955754
3414	0.955754
3415	0.955754
3416	0.955754
3417	0.955754
3418	0.955754
3419	0.955754
3420	0.955754
3421	0.955754
3422	0.955754
3423	0.955754
3424	0.955754
3425	0.955754
3426	0.955754
3427	0.955754
3428	0.955754
3429	0.955754
3430	0.955754
3431	0.955754
3432	0.955754
3433	0.955754
3434	0.955754
3435	0.955754
3436	0.955754
3437	0.955754
3438	0.955754
3439	0.955754
3440	0.955754
3441	0.955754
3442	0.955754
3443	0.955754
3444	0.955754
3445	0.955754
3446	0.955754
3447	0.955754
3448	0.955754
3449	0.955754
3450	0.955754
3451	0.955754
3452	0.955754
3453	0.955754
3454	0.955754
3455	0.955754
3456	0.955754
3457	0.955754
3458	0.955754
3459	0.955754
3460	0.955754
3461	0.955754
3462	0.955754
3463	0.955754
3464	0.955754
3465	0.955754
3466	0.955754
3467	0.955754
3468	0.955754
3469	0.955754
3470	0.955754
3471	0.955754
3472	0.955754
3473	0.955754
3474	0.955754
3475	0.955754
3476	0.955754
3477	0.955754
3478	0.955754
3479	0.955754
3480	0.955754
3481	0.955754
3482	0.955754
3483	0.955754
3484	0.955754
3485	0.955754
3486	0.955754
3487	0.955754
3488	0.955754
3489	0.955754
3490	0.955754
3491	0.955754
3492	0.955754
3493	0.955754
3494	0.955754
3495	0.955754
3496	0.955754
3497	0.955754
3498	0.955754
3499	0.955754
3500	0.955754
3501	0.955754
3502	0.955754
3503	0.955754
3504	0.955754
3505	0.955754
3506	0.955754
3507	0.955754
3508	0.955754
3509	0.955754
3510	0.955754
3511	0.955754
3512	0.955754
3513	0.955754
3514	0.955754
3515	0.955754
3516	0.955754
3517	0.955754
3518	0.955754
3519	0.955754
3520	0.955754
3521	0.955754
3522	0.955754
3523	0.955754
3524	0.955754
3525	0.955754
3526	0.955754
3527	0.955754
3528	0.955754
3529	0.955754
3530	0.955754
3531	0.955754
3532	0.955754
3533	0.955754
3534	0.955754
3535	0.955754
3536	0.955754
3537	0.955754
3538	0.955754
3539	0.955754
3540	0.955754
3541	0.955754
3542	0.955754
3543	0.955754
3544	0.955754
3545	0.955754
3546	0.955754
3547	0.955754
3548	0.955754
3549	0.955754
3550	0.955754
3551	0.955754
3552	0.955754
3553	0.955754
3554	0.955754
3555	0.955754
3556	0.955754
3557	0.955754
3558	0.955754
3559	0.955754
3560	0.955754
3561	0.955754
3562	0.955754
3563	0.955754
3564	0.955754
3565	0.955754
3566	0.955754
3567	0.955754
3568	0.955754
3569	0.955754
3570	0.955754
3571	0.955754
3572	0.955754
3573	0.955754
3574	0.955754
3575	0.955754
3576	0.955754
3577	0.955754
3578	0.955754
3579	0.955754
3580	0.955754
3581	0.955754
3582	0.955754
3583	0.955754
3584	0.955754
3585	0.955754
3586	0.955754
3587	0.955754
3588	0.955754
3589	0.955754
3590	0.955754
3591	0.955754
3592	0.955754
3593	0.955754
3594	0.955754
3595	0.955754
3596	0.955754
3597	0.955754
3598	0.955754
3599	0.955754
3600	0.955754
3601	0.955754
3602	0.955754
3603	0.955754
3604	0.955754
3605	0.955754
3606	0.955754
3607	0.955754
3608	0.955754
3609	0.955754
3610	0.955754
3611	0.955754
3612	0.955754
3613	0.955754
3614	0.955754
3615	0.955754
3616	0.955754
3617	0.955754
3618	0.955754
3619	0.955754
3620	0.955754
3621	0.955754
3622	0.955754
3623	0.955754
3624	0.955754
3625	0.955754
3626	0.955754
3627	0.955754
3628	0.955754
3629	0.955754
3630	0.955754
3631	0.955754
3632	0.955754
3633	0.955754
3634	0.955754
3635	0.955754
3636	0.955754
3637	0.955754
3638	0.955754
3639	0.955754
3640	0.955754
3641	0.955754
3642	0.955754
3643	0.955754
3644	0.955754
3645	0.955754
3646	0.955754
3647	0.955754
3648	0.955754
3649	0.955754
3650	0.955754
3651	0.955754
3652	0.955754
3653	0.955754
3654	0.955754
3655	0.955754
3656	0.955754
3657	0.955754
3658	0.955754
3659	0.955754
3660	0.955754
3661	0.955754
3662	0.955754
3663	0.955754
3664	0.955754
3665	0.955754
3666	0.955754
3667	0.955754
3668	0.955754
3669	0.955754
3670	0.955754
3671	0.955754
3672	0.955754
3673	0.955754
3674	0.955754
3675	0.955754
3676	0.955754
3677	0.955754
3678	0.955754
3679	0.955754
3680	0.955754
3681	0.955754
3682	0.955754
3683	0.955754
3684	0.955754
3685	0.955754
3686	0.955754
3687	0.955754
3688	0.955754
3689	0.955754
3690	0.955754
3691	0.955754
3692	0.955754
3693	0.955754
3694	0.955754
3695	0.955754
3696	0.955754
3697	0.955754
3698	0.955754
3699	0.955754
3700	0.955754
3701	0.955754
3702	0.955754
3703	0.955754
3704	0.955754
3705	0.955754
3706	0.955754
3707	0.955754
3708	0.955754
3709	0.955754
3710	0.955754
3711	0.955754
3712	0.955754
3713	0.955754
3714	0.955754
3715	0.955754
3716	0.955754
3717	0.955754
3718	0.955754
3719	0.955754
3720	0.955754
3721	0.955754
3722	0.955754
3723	0.955754
3724	0.955754
3725	0.955754
3726	0.955754
3727	0.955754
3728	0.955754
3729	0.955754
3730	0.955754
3731	0.955754
3732	0.955754
3733	0.955754
3734	0.955754
3735	0.955754
3736	0.955754
3737	0.955754
3738	0.955754
3739	0.955754
3740	0.955754
3741	0.955754
3742	0.955754
3743	0.955754
3744	0.955754
3745	0.955754
3746	0.955754
3747	0.955754
3748	0.955754
3749	0.955754
3750	0.955754
3751	0.955754
3752	0.955754
3753	0.955754
3754	0.955754
3755	0.955754
3756	0.955754
3757	0.959902
3758	0.959902
3759	0.959902
3760	0.959902
3761	0.959902
3762	0.959902
3763	0.959902
3764	0.959902
3765	0.959902
3766	0.959902
3767	0.959902
3768	0.959902
3769	0.959902
3770	0.959902
3771	0.959902
3772	0.959902
3773	0.959902
3774	0.959902
3775	0.959902
3776	0.959902
3777	0.959902
3778	0.959902
3779	0.959902
3780	0.959902
3781	0.959902
3782	0.959902
3783	0.959902
3784	0.959902
3785	0.959902
3786	0.959902
3787	0.959902
3788	0.959902
3789	0.959902
3790	0.959902
3791	0.959902
3792	0.959902
3793	0.959902
3794	0.959902
3795	0.959902
3796	0.959902
3797	0.959902
3798	0.959902
3799	0.959902
3800	0.959902
3801	0.959902
3802	0.959902
3803	0.959902
3804	0.959902
3805	0.959902
3806	0.959902
3807	0.959902
3808	0.959902
3809	0.959902
3810	0.959902
3811	0.959902
3812	0.959902
3813	0.959902
3814	0.959902
3815	0.959902
3816	0.959902
3817	0.959902
3818	0.959902
3819	0.959902
3820	0.959902
3821	0.959902
3822	0.959902
3823	0.959902
3824	0.959902
3825	0.959902
3826	0.959902
3827	0.959902
3828	0.959902
3829	0.959902
3830	0.959902
3831	0.959902
3832	0.959902
3833	0.959902
3834	0.959902
3835	0.959902
3836	0.959902
3837	0.959902
3838	0.959902
3839	0.959902
3840	0.959902
3841	0.959902
3842	0.959902
3843	0.959902
3844	0.959902
3845	0.959902
3846	0.959902
3847	0.959902
3848	0.959902
3849	0.959902
3850	0.959902
3851	0.959902
3852	0.959902
3853	0.959902
3854	0.959902
3855	0.959902
3856	0.959902
3857	0.959902
3858	0.959902
3859	0.959902
3860	0.959902
3861	0.959902
3862	0.959902
3863	0.959902
3864	0.959902
3865	0.959902
3866	0.959902
3867	0.959902
3868	0.959902
3869	0.959902
3870	0.959902
3871	0.959902
3872	0.959902
3873	0.959902
3874	0.959902
3875	0.959902
3876	0.959902
3877	0.959902
3878	0.959902
3879	0.959902
3880	0.959902
3881	0.959902
3882	0.959902
3883	0.959902
3884	0.959902
3885	0.959902
3886	0.959902
3887	0.959902
3888	0.959902
3889	0.959902
3890	0.959902
3891	0.959902
3892	0.959902
3893	0.959902
3894	0.959902
3895	0.959902
3896	0.959902
3897	0.959902
3898	0.959902
3899	0.959902
3900	0.959902
3901	0.959902
3902	0.959902
3903	0.959902
3904	0.959902
3905	0.959902
3906	0.959902
3907	0.959902
3908	0.959902
3909	0.959902
3910	0.959902
3911	0.959902
3912	0.959902
3913	0.959902
3914	0.959902
3915	0.959902
3916	0.959902
3917	0.959902
3918	0.959902
3919	0.959902
3920	0.959902
3921	0.959902
3922	0.959902
3923	0.959902
3924	0.959902
3925	0.959902
3926	0.959902
3927	0.959902
3928	0.959902
3929	0.959902
3930	0.959902
3931	0.959902
3932	0.959902
3933	0.959902
3934	0.959902
3935	0.959902
3936	0.959902
3937	0.959902
3938	0.959902
3939	0.959902
3940	0.959902
3941	0.959902
3942	0.959902
3943	0.959902
3944	0.959902
3945	0.959902
3946	0.959902
3947	0.959902
3948	0.959902
3949	0.959902
3950	0.959902
3951	0.959902
3952	0.959902
3953	0.959902
3954	0.959902
3955	0.959902
3956	0.959902
3957	0.959902
3958	0.959902
3959	0.959902
3960	0.959902
3961	0.959902
3962	0.959902
3963	0.959902
3964	0.959902
3965	0.959902
3966	0.959902
3967	0.959902
3968	0.959902
3969	0.959902
3970	0.959902
3971	0.959902
3972	0.959902
3973	0.959902
3974	0.959902
3975	0.959902
3976	0.959902
3977	0.959902
3978	0.959902
3979	0.959902
3980	0.959902
3981	0.959902
3982	0.959902
3983	0.959902
3984	0.959902
3985	0.959902
3986	0.959902
3987	0.959902
3988	0.959902
3989	0.959902
3990	0.959902
3991	0.959902
3992	0.959902
3993	0.959902
3994	0.959902
3995	0.959902
3996	0.959902
3997	0.959902
3998	0.959902
3999	0.959902
4000	0.959902
4001	0.959902
4002	0.959902
4003	0.959902
4004	0.959902
4005	0.959902
4006	0.959902
4007	0.959902
4008	0.959902
4009	0.959902
4010	0.959902
4011	0.959902
4012	0.959902
4013	0.959902
4014	0.959902
4015	0.959902
4016	0.959902
4017	0.959902
4018	0.959902
4019	0.959902
4020	0.959902
4021	0.959902
4022	0.959902
4023	0.959902
4024	0.959902
4025	0.959902
4026	0.959902
4027	0.959902
4028	0.959902
4029	0.959902
4030	0.959902
4031	0.959902
4032	0.959902
4033	0.959902
4034	0.959902
4035	0.959902
4036	0.959902
4037	0.959902
4038	0.959902
4039	0.959902
4040	0.959902
4041	0.959902
4042	0.959902
4043	0.959902
4044	0.959902
4045	0.959902
4046	0.959902
4047	0.959902
4048	0.959902
4049	0.959902
4050	0.959902
4051	0.959902
4052	0.959902
4053	0.959902
4054	0.959902
4055	0.959902
4056	0.959902
4057	0.959902
4058	0.959902
4059	0.959902
4060	0.959902
4061	0.959902
4062	0.959902
4063	0.959902
4064	0.959902
4065	0.959902
4066	0.959902
4067	0.959902
4068	0.959902
4069	0.959902
4070	0.959902
4071	0.959902
4072	0.959902
4073	0.959902
4074	0.959902
4075	0.959902
4076	0.959902
4077	0.959902
4078	0.959902
4079	0.959902
4080	0.959902
4081	0.959902
4082	0.959902
4083	0.959902
4084	0.959902
4085	0.959902
4086	0.959902
4087	0.959902
4088	0.959902
4089	0.959902
4090	0.959902
4091	0.959902
4092	0.959902
4093	0.959902
4094	0.959902
4095	0.959902
4096	0.959902
4097	0.959902
4098	0.959902
4099	0.959902
4100	0.959902
4101	0.959902
4102	0.959902
4103	0.959902
4104	0.959902
4105	0.959902
4106	0.959902
4107	0.959902
4108	0.959902
4109	0.959902
4110	0.959902
4111	0.959902
4112	0.959902
4113	0.959902
4114	0.959902
4115	0.959902
4116	0.959902
4117	0.959902
4118	0.959902
4119	0.959902
4120	0.959902
4121	0.959902
4122	0.959902
4123	0.959902
4124	0.959902
4125	0.959902
4126	0.959902
4127	0.959902
4128	0.959902
4129	0.959902
4130	0.959902
4131	0.959902
4132	0.959902
4133	0.959902
4134	0.959902
4135	0.959902
4136	0.959902
4137	0.959902
4138	0.959902
4139	0.959902
4140	0.959902
4141	0.959902
4142	0.959902
4143	0.959902
4144	0.959902
4145	0.959902
4146	0.959902
4147	0.959902
4148	0.959902
4149	0.959902
4150	0.959902
4151	0.959902
4152	0.959902
4153	0.959902
4154	0.959902
4155	0.959902
4156	0.959902
4157	0.959902
4158	0.959902
4159	0.959902
4160	0.959902
4161	0.959902
4162	0.959902
4163	0.959902
4164	0.959902
4165	0.959902
4166	0.959902
4167	0.959902
4168	0.959902
4169	0.959902
4170	0.959902
4171	0.959902
4172	0.959902
4173	0.959902
4174	0.959902
4175	0.959902
4176	0.959902
4177	0.959902
4178	0.959902
4179	0.959902
4180	0.959902
4181	0.959902
4182	0.959902
4183	0.959902
4184	0.959902
4185	0.959902
4186	0.959902
4187	0.959902
4188	0.959902
4189	0.959902
4190	0.959902
4191	0.959902
4192	0.959902
4193	0.959902
4194	0.959902
4195	0.959902
4196	0.959902
4197	0.959902
4198	0.959902
4199	0.959902
4200	0.959902
4201	0.959902
4202	0.959902
4203	0.959902
4204	0.959902
4205	0.959902
4206	0.959902
4207	0.959902
4208	0.959902
4209	0.959902
4210	0.959902
4211	0.959902
4212	0.959902
4213	0.959902
4214	0.959902
4215	0.959902
4216	0.959902
4217	0.959902
4218	0.959902
4219	0.959902
4220	0.959902
4221	0.959902
4222	0.959902
4223	0.959902
4224	0.959902
4225	0.959902
4226	0.959902
4227	0.959902
4228	0.959902
4229	0.959902
4230	0.959902
4231	0.959902
4232	0.959902
4233	0.959902
4234	0.959902
4235	0.959902
4236	0.959902
4237	0.959902
4238	0.959902
4239	0.959902
4240	0.959902
4241	0.959902
4242	0.959902
4243	0.959902
4244	0.959902
4245	0.959902
4246	0.959902
4247	0.959902
4248	0.959902
4249	0.959902
4250	0.959902
4251	0.959902
4252	0.959902
4253	0.959902
4254	0.959902
4255	0.959902
4256	0.959902
4257	0.959902
4258	0.959902
4259	0.959902
4260	0.959902
4261	0.959902
4262	0.959902
4263	0.959902
4264	0.959902
4265	0.959902
4266	0.959902
4267	0.959902
4268	0.959902
4269	0.959902
4270	0.959902
4271	0.959902
4272	0.959902
4273	0.959902
4274	0.959902
4275	0.959902
4276	0.959902
4277	0.959902
4278	0.959902
4279	0.959902
4280	0.959902
4281	0.959902
4282	0.959902
4283	0.959902
4284	0.959902
4285	0.959902
4286	0.959902
4287	0.959902
4288	0.959902
4289	0.959902
4290	0.959902
4291	0.959902
4292	0.959902
4293	0.959902
4294	0.959902
4295	0.959902
4296	0.959902
4297	0.959902
4298	0.959902
4299	0.959902
4300	0.959902
4301	0.959902
4302	0.959902
4303	0.959902
4304	0.959902
4305	0.959902
4306	0.959902
4307	0.959902
4308	0.959902
4309	0.959902
4310	0.959902
4311	0.959902
4312	0.959902
4313	0.959902
4314	0.959902
4315	0.959902
4316	0.959902
4317	0.959902
4318	0.959902
4319	0.959902
4320	0.959902
4321	0.959902
4322	0.959902
4323	0.959902
4324	0.959902
4325	0.959902
4326	0.959902
4327	0.959902
4328	0.959902
4329	0.959902
4330	0.959902
4331	0.959902
4332	0.959902
4333	0.959902
4334	0.959902
4335	0.959902
4336	0.959902
4337	0.959902
4338	0.959902
4339	0.959902
4340	0.959902
4341	0.959902
4342	0.959902
4343	0.959902
4344	0.959902
4345	0.959902
4346	0.959902
4347	0.959902
4348	0.959902
4349	0.959902
4350	0.959902
4351	0.959902
4352	0.959902
4353	0.959902
4354	0.959902
4355	0.959902
4356	0.959902
4357	0.959902
4358	0.959902
4359	0.959902
4360	0.959902
4361	0.959902
4362	0.959902
4363	0.959902
4364	0.959902
4365	0.959902
4366	0.959902
4367	0.959902
4368	0.959902
4369	0.959902
4370	0.959902
4371	0.959902
4372	0.959902
4373	0.959902
4374	0.959902
4375	0.959902
4376	0.959902
4377	0.959902
4378	0.959902
4379	0.959902
4380	0.959902
4381	0.959902
4382	0.959902
4383	0.959902
4384	0.959902
4385	0.959902
4386	0.959902
4387	0.959902
4388	0.959902
4389	0.959902
4390	0.959902
4391	0.959902
4392	0.959902
4393	0.959902
4394	0.959902
4395	0.959902
4396	0.959902
4397	0.959902
4398	0.959902
4399	0.959902
4400	0.959902
4401	0.959902
4402	0.959902
4403	0.959902
4404	0.959902
4405	0.959902
4406	0.959902
4407	0.959902
4408	0.959902
4409	0.959902
4410	0.959902
4411	0.959902
4412	0.959902
4413	0.959902
4414	0.959902
4415	0.959902
4416	0.959902
4417	0.959902
4418	0.959902
4419	0.959902
4420	0.959902
4421	0.959902
4422	0.959902
4423	0.959902
4424	0.959902
4425	0.959902
4426	0.959902
4427	0.959902
4428	0.959902
4429	0.959902
4430	0.959902
4431	0.959902
4432	0.959902
4433	0.959902
4434	0.959902
4435	0.959902
4436	0.959902
4437	0.959902
4438	0.959902
4439	0.959902
4440	0.959902
4441	0.959902
4442	0.959902
4443	0.959902
4444	0.959902
4445	0.959902
4446	0.959902
4447	0.959902
4448	0.959902
4449	0.959902
4450	0.959902
4451	0.959902
4452	0.959902
4453	0.959902
4454	0.959902
4455	0.959902
4456	0.959902
4457	0.959902
4458	0.959902
4459	0.959902
4460	0.959902
4461	0.959902
4462	0.959902
4463	0.959902
4464	0.959902
4465	0.959902
4466	0.959902
4467	0.959902
4468	0.959902
4469	0.959902
4470	0.959902
4471	0.959902
4472	0.959902
4473	0.959902
4474	0.959902
4475	0.959902
4476	0.959902
4477	0.959902
4478	0.959902
4479	0.959902
4480	0.959902
4481	0.959902
4482	0.959902
4483	0.959902
4484	0.959902
4485	0.959902
4486	0.959902
4487	0.959902
4488	0.959902
4489	0.959902
4490	0.959902
4491	0.959902
4492	0.959902
4493	0.959902
4494	0.959902
4495	0.959902
4496	0.959902
4497	0.959902
4498	0.959902
4499	0.959902
4500	0.959902
4501	0.959902
4502	0.959902
4503	0.959902
4504	0.959902
4505	0.959902
4506	0.959902
4507	0.959902
4508	0.959902
4509	0.959902
4510	0.959902
4511	0.959902
4512	0.959902
4513	0.959902
4514	0.959902
4515	0.959902
4516	0.959902
4517	0.959902
4518	0.959902
4519	0.959902
4520	0.959902
4521	0.959902
4522	0.959902
4523	0.959902
4524	0.959902
4525	0.959902
4526	0.959902
4527	0.959902
4528	0.959902
4529	0.959902
4530	0.959902
4531	0.959902
4532	0.959902
4533	0.959902
4534	0.959902
4535	0.959902
4536	0.959902
4537	0.959902
4538	0.959902
4539	0.959902
4540	0.959902
4541	0.959902
4542	0.959902
4543	0.959902
4544	0.959902
4545	0.959902
4546	0.959902
4547	0.959902
4548	0.959902
4549	0.959902
4550	0.959902
4551	0.959902
4552	0.959902
4553	0.959902
4554	0.959902
4555	0.959902
4556	0.959902
4557	0.959902
4558	0.959902
4559	0.959902
4560	0.959902
4561	0.959902
4562	0.959902
4563	0.959902
4564	0.959902
4565	0.959902
4566	0.959902
4567	0.959902
4568	0.959902
4569	0.959902
4570	0.959902
4571	0.959902
4572	0.959902
4573	0.959902
4574	0.959902
4575	0.959902
4576	0.959902
4577	0.959902
4578	0.959902
4579	0.959902
4580	0.959902
4581	0.959902
4582	0.959902
4583	0.959902
4584	0.959902
4585	0.959902
4586	0.959902
4587	0.959902
4588	0.959902
4589	0.959902
4590	0.959902
4591	0.959902
4592	0.959902
4593	0.959902
4594	0.959902
4595	0.959902
4596	0.959902
4597	0.959902
4598	0.959902
4599	0.959902
4600	0.959902
4601	0.959902
4602	0.959902
4603	0.959902
4604	0.959902
4605	0.959902
4606	0.959902
4607	0.959902
4608	0.959902
4609	0.959902
4610	0.959902
4611	0.959902
4612	0.959902
4613	0.959902
4614	0.959902
4615	0.959902
4616	0.959902
4617	0.959902
4618	0.959902
4619	0.959902
4620	0.959902
4621	0.959902
4622	0.959902
4623	0.959902
4624	0.959902
4625	0.959902
4626	0.959902
4627	0.959902
4628	0.959902
4629	0.959902
4630	0.959902
4631	0.959902
4632	0.959902
4633	0.959902
4634	0.959902
4635	0.959902
4636	0.959902
4637	0.959902
4638	0.959902
4639	0.959902
4640	0.959902
4641	0.959902
4642	0.959902
4643	0.959902
4644	0.959902
4645	0.959902
4646	0.959902
4647	0.959902
4648	0.959902
4649	0.959902
4650	0.959902
4651	0.959902
4652	0.959902
4653	0.959902
4654	0.959902
4655	0.959902
4656	0.959902
4657	0.959902
4658	0.959902
4659	0.959902
4660	0.959902
4661	0.959902
4662	0.959902
4663	0.959902
4664	0.959902
4665	0.959902
4666	0.959902
4667	0.959902
4668	0.959902
4669	0.959902
4670	0.959902
4671	0.959902
4672	0.959902
4673	0.959902
4674	0.959902
4675	0.959902
4676	0.959902
4677	0.959902
4678	0.959902
4679	0.959902
4680	0.959902
4681	0.959902
4682	0.959902
4683	0.959902
4684	0.959902
4685	0.959902
4686	0.959902
4687	0.959902
4688	0.959902
4689	0.959902
4690	0.959902
4691	0.959902
4692	0.959902
4693	0.959902
4694	0.959902
4695	0.959902
4696	0.959902
4697	0.959902
4698	0.959902
4699	0.959902
4700	0.959902
4701	0.959902
4702	0.959902
4703	0.959902
4704	0.959902
4705	0.959902
4706	0.959902
4707	0.959902
4708	0.959902
4709	0.959902
4710	0.959902
4711	0.959902
4712	0.959902
4713	0.959902
4714	0.959902
4715	0.959902
4716	0.959902
4717	0.959902
4718	0.959902
4719	0.959902
4720	0.959902
4721	0.959902
4722	0.959902
4723	0.959902
4724	0.959902
4725	0.959902
4726	0.959902
4727	0.959902
4728	0.959902
4729	0.959902
4730	0.959902
4731	0.959902
4732	0.959902
4733	0.959902
4734	0.959902
4735	0.959902
4736	0.959902
4737	0.959902
4738	0.959902
4739	0.959902
4740	0.959902
4741	0.959902
4742	0.959902
4743	0.959902
4744	0.959902
4745	0.959902
4746	0.959902
4747	0.959902
4748	0.959902
4749	0.959902
4750	0.959902
4751	0.959902
4752	0.959902
4753	0.959902
4754	0.959902
4755	0.959902
4756	0.959902
4757	0.959902
4758	0.959902
4759	0.959902
4760	0.959902
4761	0.959902
4762	0.959902
4763	0.959902
4764	0.959902
4765	0.959902
4766	0.959902
4767	0.959902
4768	0.959902
4769	0.959902
4770	0.959902
4771	0.959902
4772	0.959902
4773	0.959902
4774	0.959902
4775	0.959902
4776	0.959902
4777	0.959902
4778	0.959902
4779	0.959902
4780	0.959902
4781	0.959902
4782	0.959902
4783	0.959902
4784	0.959902
4785	0.959902
4786	0.959902
4787	0.959902
4788	0.959902
4789	0.959902
4790	0.959902
4791	0.959902
4792	0.959902
4793	0.959902
4794	0.959902
4795	0.959902
4796	0.959902
4797	0.959902
4798	0.959902
4799	0.959902
4800	0.959902
4801	0.959902
4802	0.959902
4803	0.959902
4804	0.959902
4805	0.959902
4806	0.959902
4807	0.959902
4808	0.959902
4809	0.959902
4810	0.959902
4811	0.959902
4812	0.959902
4813	0.959902
4814	0.959902
4815	0.959902
4816	0.959902
4817	0.959902
4818	0.959902
4819	0.959902
4820	0.959902
4821	0.959902
4822	0.959902
4823	0.959902
4824	0.959902
4825	0.959902
4826	0.959902
4827	0.959902
4828	0.959902
4829	0.959902
4830	0.959902
4831	0.959902
4832	0.959902
4833	0.959902
4834	0.959902
4835	0.959902
4836	0.959902
4837	0.959902
4838	0.959902
4839	0.959902
4840	0.959902
4841	0.959902
4842	0.959902
4843	0.959902
4844	0.959902
4845	0.959902
4846	0.959902
4847	0.959902
4848	0.959902
4849	0.959902
4850	0.959902
4851	0.959902
4852	0.959902
4853	0.959902
4854	0.959902
4855	0.959902
4856	0.959902
4857	0.959902
4858	0.959902
4859	0.959902
4860	0.959902
4861	0.959902
4862	0.959902
4863	0.959902
4864	0.959902
4865	0.959902
4866	0.959902
4867	0.959902
4868	0.959902
4869	0.959902
4870	0.959902
4871	0.959902
4872	0.959902
4873	0.959902
4874	0.959902
4875	0.959902
4876	0.959902
4877	0.959902
4878	0.959902
4879	0.959902
4880	0.959902
4881	0.959902
4882	0.959902
4883	0.959902
4884	0.959902
4885	0.959902
4886	0.959902
4887	0.959902
4888	0.959902
4889	0.959902
4890	0.959902
4891	1
## No. organisms: 20
## Seeds        : 1477200582, 8332
## Runtime      : 1h 9m 24s.
## Started at   : Mon Nov 11 22:49:42 2019
## Ended at     : Mon Nov 11 23:59:06 2019
