1	0.502831
2	0.535453
3	0.552985
4	0.560209
5	0.560209
6	0.570223
7	0.570223
8	0.581172
9	0.582301
10	0.582329
11	0.582329
12	0.599247
13	0.600167
14	0.600167
15	0.600404
16	0.600404
17	0.600404
18	0.60152
19	0.603863
20	0.603863
21	0.603863
22	0.603863
23	0.603863
24	0.603863
25	0.60781
26	0.631046
27	0.631046
28	0.631046
29	0.63205
30	0.636527
31	0.637908
32	0.637908
33	0.637908
34	0.637908
35	0.637908
36	0.637908
37	0.637908
38	0.637908
39	0.637908
40	0.637908
41	0.637908
42	0.637908
43	0.639651
44	0.639651
45	0.639651
46	0.639651
47	0.639651
48	0.639651
49	0.640614
50	0.640614
51	0.640614
52	0.640614
53	0.642427
54	0.644086
55	0.644086
56	0.654379
57	0.654379
58	0.654379
59	0.654379
60	0.660642
61	0.660642
62	0.660642
63	0.660642
64	0.660642
65	0.66272
66	0.66272
67	0.66272
68	0.66272
69	0.668326
70	0.668326
71	0.668326
72	0.668326
73	0.668326
74	0.668326
75	0.670837
76	0.670837
77	0.670837
78	0.671227
79	0.671227
80	0.671227
81	0.671227
82	0.671227
83	0.671227
84	0.671227
85	0.671227
86	0.671227
87	0.671227
88	0.671227
89	0.671227
90	0.671227
91	0.671227
92	0.672608
93	0.672608
94	0.672608
95	0.674198
96	0.674198
97	0.674351
98	0.674351
99	0.674351
100	0.674351
101	0.674351
102	0.674351
103	0.674351
104	0.674351
105	0.676485
106	0.679484
107	0.679484
108	0.682803
109	0.682803
110	0.682803
111	0.682803
112	0.682803
113	0.682803
114	0.682803
115	0.682803
116	0.682803
117	0.682803
118	0.682803
119	0.682803
120	0.682803
121	0.682803
122	0.682803
123	0.682803
124	0.682803
125	0.682803
126	0.682803
127	0.682803
128	0.682803
129	0.682803
130	0.682803
131	0.682803
132	0.682803
133	0.682803
134	0.682803
135	0.682803
136	0.683319
137	0.683319
138	0.683319
139	0.683319
140	0.683319
141	0.683319
142	0.683319
143	0.683319
144	0.683319
145	0.683319
146	0.683319
147	0.683319
148	0.683319
149	0.683319
150	0.683319
151	0.683319
152	0.683319
153	0.683319
154	0.683319
155	0.683319
156	0.683319
157	0.683319
158	0.683319
159	0.683319
160	0.683319
161	0.683319
162	0.683319
163	0.683319
164	0.683319
165	0.683319
166	0.683319
167	0.683319
168	0.683319
169	0.683319
170	0.683319
171	0.683319
172	0.683319
173	0.683319
174	0.683319
175	0.683319
176	0.683319
177	0.683319
178	0.683319
179	0.683319
180	0.683319
181	0.684561
182	0.684561
183	0.684561
184	0.684561
185	0.684561
186	0.684561
187	0.684561
188	0.684561
189	0.684561
190	0.684561
191	0.684561
192	0.684561
193	0.684561
194	0.684561
195	0.684561
196	0.684561
197	0.684561
198	0.684561
199	0.684561
200	0.684561
201	0.684561
202	0.684561
203	0.684561
204	0.684561
205	0.684561
206	0.684561
207	0.684561
208	0.684561
209	0.685258
210	0.685258
211	0.685258
212	0.685258
213	0.685258
214	0.685258
215	0.685258
216	0.685258
217	0.685258
218	0.685258
219	0.685258
220	0.685258
221	0.685258
222	0.685258
223	0.685258
224	0.685258
225	0.685258
226	0.685258
227	0.685258
228	0.685258
229	0.685258
230	0.685258
231	0.685258
232	0.685258
233	0.685258
234	0.685258
235	0.685258
236	0.685258
237	0.685258
238	0.685258
239	0.685258
240	0.685258
241	0.685258
242	0.685258
243	0.685258
244	0.685258
245	0.685258
246	0.685258
247	0.685258
248	0.685258
249	0.685258
250	0.685258
251	0.685258
252	0.685258
253	0.685258
254	0.685258
255	0.685258
256	0.685258
257	0.685258
258	0.685258
259	0.685258
260	0.685258
261	0.685258
262	0.685258
263	0.685258
264	0.685258
265	0.685258
266	0.685258
267	0.685258
268	0.685258
269	0.685258
270	0.685258
271	0.685258
272	0.685258
273	0.685258
274	0.685258
275	0.685258
276	0.685258
277	0.685258
278	0.685258
279	0.685258
280	0.685258
281	0.685258
282	0.685258
283	0.685258
284	0.685258
285	0.685258
286	0.685258
287	0.685258
288	0.685258
289	0.685258
290	0.685258
291	0.685258
292	0.685258
293	0.685258
294	0.685258
295	0.685258
296	0.685258
297	0.685258
298	0.685258
299	0.685258
300	0.685258
301	0.685258
302	0.685258
303	0.685258
304	0.685258
305	0.685258
306	0.685258
307	0.685258
308	0.685258
309	0.685258
310	0.685258
311	0.685258
312	0.685258
313	0.685258
314	0.685258
315	0.685258
316	0.685704
317	0.685704
318	0.685704
319	0.685704
320	0.685704
321	0.685704
322	0.685704
323	0.685704
324	0.685704
325	0.685704
326	0.685704
327	0.685704
328	0.685704
329	0.685704
330	0.685704
331	0.685704
332	0.685704
333	0.685704
334	0.685704
335	0.685704
336	0.685704
337	0.685704
338	0.685704
339	0.685704
340	0.685704
341	0.685704
342	0.685704
343	0.685704
344	0.685704
345	0.685704
346	0.685704
347	0.685704
348	0.685704
349	0.685704
350	0.685704
351	0.685704
352	0.685704
353	0.685704
354	0.685704
355	0.685704
356	0.685704
357	0.685704
358	0.685704
359	0.685704
360	0.685704
361	0.685704
362	0.685704
363	0.685704
364	0.685704
365	0.685704
366	0.685704
367	0.685704
368	0.685704
369	0.685704
370	0.685704
371	0.685704
372	0.685704
373	0.685704
374	0.685704
375	0.685704
376	0.685704
377	0.685704
378	0.685704
379	0.685704
380	0.685704
381	0.685704
382	0.685704
383	0.685704
384	0.685704
385	0.685704
386	0.685704
387	0.685704
388	0.685704
389	0.685704
390	0.685704
391	0.685704
392	0.685704
393	0.685704
394	0.685704
395	0.685704
396	0.685704
397	0.685704
398	0.70304
399	0.70304
400	0.70304
401	0.70304
402	0.70304
403	0.70304
404	0.70304
405	0.70304
406	0.703515
407	0.703515
408	0.703515
409	0.703515
410	0.703515
411	0.703515
412	0.70463
413	0.70463
414	0.70463
415	0.70463
416	0.70463
417	0.70463
418	0.705983
419	0.706695
420	0.706695
421	0.706695
422	0.706695
423	0.706695
424	0.706695
425	0.706695
426	0.707169
427	0.707169
428	0.707169
429	0.707169
430	0.707169
431	0.707629
432	0.707629
433	0.710139
434	0.712232
435	0.712232
436	0.712232
437	0.712232
438	0.712232
439	0.712232
440	0.712232
441	0.712232
442	0.712232
443	0.712232
444	0.712232
445	0.712232
446	0.712232
447	0.712232
448	0.712232
449	0.712232
450	0.712232
451	0.712232
452	0.712232
453	0.712232
454	0.715021
455	0.715021
456	0.715021
457	0.715021
458	0.715021
459	0.715021
460	0.715021
461	0.715021
462	0.715021
463	0.715021
464	0.715021
465	0.715021
466	0.715021
467	0.715021
468	0.715021
469	0.715021
470	0.715021
471	0.715021
472	0.715021
473	0.715021
474	0.715021
475	0.715021
476	0.715021
477	0.715021
478	0.715021
479	0.715021
480	0.715021
481	0.715021
482	0.715021
483	0.715021
484	0.715021
485	0.715021
486	0.715021
487	0.715021
488	0.715941
489	0.715941
490	0.715941
491	0.715941
492	0.715941
493	0.715941
494	0.715941
495	0.715941
496	0.715941
497	0.715941
498	0.715941
499	0.715941
500	0.716165
501	0.716165
502	0.716165
503	0.719066
504	0.719066
505	0.719066
506	0.719066
507	0.719066
508	0.719066
509	0.719066
510	0.719066
511	0.719066
512	0.719066
513	0.719066
514	0.719066
515	0.719066
516	0.719066
517	0.719066
518	0.719066
519	0.719066
520	0.719066
521	0.719066
522	0.719066
523	0.719066
524	0.719066
525	0.719066
526	0.719066
527	0.719066
528	0.719066
529	0.719066
530	0.719066
531	0.719066
532	0.719066
533	0.719066
534	0.719066
535	0.719066
536	0.719066
537	0.719066
538	0.719066
539	0.719066
540	0.719066
541	0.719066
542	0.719066
543	0.719066
544	0.719066
545	0.719066
546	0.719066
547	0.719066
548	0.719066
549	0.719066
550	0.719066
551	0.719066
552	0.719066
553	0.719066
554	0.719066
555	0.719066
556	0.719066
557	0.719066
558	0.719066
559	0.719066
560	0.719066
561	0.719066
562	0.719066
563	0.719066
564	0.719066
565	0.719066
566	0.719066
567	0.719066
568	0.719066
569	0.719066
570	0.719066
571	0.719066
572	0.719066
573	0.719066
574	0.719066
575	0.719066
576	0.719066
577	0.719066
578	0.719066
579	0.719066
580	0.719066
581	0.719066
582	0.719066
583	0.719066
584	0.719066
585	0.719066
586	0.719066
587	0.719066
588	0.719066
589	0.719066
590	0.719066
591	0.719066
592	0.719066
593	0.719066
594	0.719066
595	0.719066
596	0.719066
597	0.719066
598	0.719066
599	0.719066
600	0.719066
601	0.719066
602	0.719066
603	0.719066
604	0.719066
605	0.719066
606	0.719066
607	0.719066
608	0.719066
609	0.719066
610	0.719066
611	0.719066
612	0.719066
613	0.719066
614	0.719066
615	0.719066
616	0.719066
617	0.719066
618	0.719066
619	0.719066
620	0.719066
621	0.719066
622	0.719066
623	0.719066
624	0.719066
625	0.719066
626	0.719066
627	0.719066
628	0.719066
629	0.719066
630	0.719066
631	0.719066
632	0.719066
633	0.719066
634	0.719066
635	0.719066
636	0.719066
637	0.719066
638	0.719066
639	0.719066
640	0.719066
641	0.719066
642	0.719066
643	0.719066
644	0.719066
645	0.719066
646	0.719066
647	0.719066
648	0.719066
649	0.719066
650	0.719066
651	0.719066
652	0.719066
653	0.719066
654	0.719066
655	0.719066
656	0.719066
657	0.719066
658	0.719066
659	0.719066
660	0.719066
661	0.719066
662	0.719066
663	0.719066
664	0.719066
665	0.719066
666	0.719066
667	0.719066
668	0.719066
669	0.719066
670	0.719066
671	0.719066
672	0.719066
673	0.719066
674	0.719066
675	0.719066
676	0.719066
677	0.719066
678	0.719066
679	0.719066
680	0.719066
681	0.719066
682	0.719066
683	0.719066
684	0.719066
685	0.719066
686	0.719066
687	0.719066
688	0.719066
689	0.719066
690	0.719066
691	0.719066
692	0.719066
693	0.719066
694	0.719066
695	0.719066
696	0.719066
697	0.719066
698	0.719066
699	0.719066
700	0.719066
701	0.719066
702	0.719066
703	0.719066
704	0.719066
705	0.719066
706	0.719066
707	0.719066
708	0.719066
709	0.719066
710	0.719066
711	0.719066
712	0.719066
713	0.719066
714	0.719066
715	0.719066
716	0.719066
717	0.719066
718	0.719066
719	0.719066
720	0.719066
721	0.719066
722	0.719066
723	0.719066
724	0.719066
725	0.719066
726	0.719066
727	0.719066
728	0.719066
729	0.719066
730	0.719066
731	0.719066
732	0.719066
733	0.719066
734	0.719066
735	0.719066
736	0.719066
737	0.719066
738	0.719066
739	0.719066
740	0.719066
741	0.719066
742	0.719066
743	0.719066
744	0.719066
745	0.719066
746	0.719066
747	0.719066
748	0.719066
749	0.719066
750	0.719066
751	0.719066
752	0.719066
753	0.719066
754	0.719066
755	0.719066
756	0.719066
757	0.719066
758	0.719066
759	0.719066
760	0.719066
761	0.719066
762	0.719066
763	0.719066
764	0.719066
765	0.719066
766	0.719066
767	0.719066
768	0.719066
769	0.719066
770	0.719066
771	0.719066
772	0.719066
773	0.719066
774	0.719066
775	0.719066
776	0.719066
777	0.719066
778	0.719066
779	0.719066
780	0.719066
781	0.719066
782	0.719066
783	0.719066
784	0.719066
785	0.719066
786	0.719066
787	0.719066
788	0.719066
789	0.719066
790	0.719066
791	0.719066
792	0.719066
793	0.719066
794	0.719066
795	0.719135
796	0.719135
797	0.719135
798	0.719135
799	0.719135
800	0.719135
801	0.719135
802	0.720028
803	0.720028
804	0.720028
805	0.720028
806	0.720028
807	0.720028
808	0.720028
809	0.720028
810	0.720028
811	0.720028
812	0.720028
813	0.720028
814	0.720028
815	0.720028
816	0.720028
817	0.720028
818	0.720028
819	0.720028
820	0.720028
821	0.720028
822	0.720028
823	0.720028
824	0.720028
825	0.720028
826	0.720028
827	0.720028
828	0.720028
829	0.720028
830	0.720028
831	0.720028
832	0.720028
833	0.720028
834	0.720028
835	0.720028
836	0.720028
837	0.720028
838	0.720028
839	0.720028
840	0.720028
841	0.720028
842	0.720028
843	0.720028
844	0.720028
845	0.720028
846	0.720028
847	0.720028
848	0.720028
849	0.720028
850	0.720028
851	0.720028
852	0.720028
853	0.720028
854	0.720028
855	0.720028
856	0.720028
857	0.720028
858	0.720028
859	0.720028
860	0.720028
861	0.720028
862	0.720028
863	0.720028
864	0.720028
865	0.720028
866	0.720028
867	0.720028
868	0.720028
869	0.720028
870	0.720028
871	0.720028
872	0.720028
873	0.720028
874	0.720028
875	0.720028
876	0.720028
877	0.720028
878	0.720028
879	0.720028
880	0.720028
881	0.720028
882	0.720028
883	0.720028
884	0.720028
885	0.720028
886	0.720028
887	0.720028
888	0.720028
889	0.720028
890	0.720028
891	0.720028
892	0.720028
893	0.720028
894	0.720028
895	0.720028
896	0.720028
897	0.720028
898	0.720028
899	0.720028
900	0.720028
901	0.720028
902	0.720028
903	0.720028
904	0.720028
905	0.720028
906	0.720028
907	0.720028
908	0.720028
909	0.720028
910	0.720028
911	0.720028
912	0.720028
913	0.720028
914	0.720028
915	0.720028
916	0.720028
917	0.720028
918	0.720028
919	0.720028
920	0.720028
921	0.720028
922	0.720028
923	0.720028
924	0.720028
925	0.720028
926	0.720028
927	0.720028
928	0.720028
929	0.720028
930	0.720028
931	0.720028
932	0.720028
933	0.720028
934	0.720028
935	0.720028
936	0.720028
937	0.720028
938	0.720028
939	0.720028
940	0.720028
941	0.720028
942	0.720028
943	0.720028
944	0.720028
945	0.720028
946	0.720028
947	0.720028
948	0.720028
949	0.720028
950	0.720028
951	0.720028
952	0.720028
953	0.720028
954	0.720028
955	0.720028
956	0.720028
957	0.720028
958	0.720028
959	0.720028
960	0.720028
961	0.720028
962	0.720028
963	0.720028
964	0.720028
965	0.720028
966	0.720028
967	0.720028
968	0.720028
969	0.720028
970	0.720028
971	0.720028
972	0.720028
973	0.720028
974	0.720028
975	0.720028
976	0.720028
977	0.720028
978	0.720028
979	0.720028
980	0.720028
981	0.720028
982	0.720028
983	0.720028
984	0.720028
985	0.720028
986	0.720028
987	0.720028
988	0.720028
989	0.720028
990	0.720028
991	0.720028
992	0.720028
993	0.720028
994	0.720028
995	0.720028
996	0.720028
997	0.720028
998	0.720028
999	0.720028
1000	0.720028
1001	0.720028
1002	0.720028
1003	0.720028
1004	0.720028
1005	0.720028
1006	0.720028
1007	0.720028
1008	0.720028
1009	0.720028
1010	0.720028
1011	0.720028
1012	0.720028
1013	0.720028
1014	0.720028
1015	0.720028
1016	0.720028
1017	0.720028
1018	0.720028
1019	0.720028
1020	0.720028
1021	0.720028
1022	0.720028
1023	0.720028
1024	0.720028
1025	0.720028
1026	0.720028
1027	0.720028
1028	0.720028
1029	0.720028
1030	0.720028
1031	0.720028
1032	0.720028
1033	0.720028
1034	0.720028
1035	0.720028
1036	0.720028
1037	0.720028
1038	0.720028
1039	0.720028
1040	0.720028
1041	0.720028
1042	0.720028
1043	0.720028
1044	0.720028
1045	0.720028
1046	0.720028
1047	0.720028
1048	0.720028
1049	0.720028
1050	0.720028
1051	0.720028
1052	0.720028
1053	0.720028
1054	0.720028
1055	0.720028
1056	0.720028
1057	0.720028
1058	0.720028
1059	0.720028
1060	0.720028
1061	0.720028
1062	0.720028
1063	0.720028
1064	0.720028
1065	0.720028
1066	0.720028
1067	0.720028
1068	0.720028
1069	0.720028
1070	0.720028
1071	0.720028
1072	0.720028
1073	0.720028
1074	0.720028
1075	0.720028
1076	0.720028
1077	0.720028
1078	0.720028
1079	0.720028
1080	0.720028
1081	0.720028
1082	0.720028
1083	0.720028
1084	0.720028
1085	0.720028
1086	0.720028
1087	0.720028
1088	0.720028
1089	0.720028
1090	0.720028
1091	0.720028
1092	0.720028
1093	0.720028
1094	0.720028
1095	0.720028
1096	0.720028
1097	0.720028
1098	0.720028
1099	0.720028
1100	0.720028
1101	0.720028
1102	0.720028
1103	0.720028
1104	0.720028
1105	0.720028
1106	0.720028
1107	0.720028
1108	0.720028
1109	0.720028
1110	0.720028
1111	0.720028
1112	0.720028
1113	0.720028
1114	0.720028
1115	0.720028
1116	0.720028
1117	0.720028
1118	0.720028
1119	0.720028
1120	0.720028
1121	0.720028
1122	0.720028
1123	0.720028
1124	0.720028
1125	0.720028
1126	0.720028
1127	0.720028
1128	0.728898
1129	0.728898
1130	0.728898
1131	0.732636
1132	0.732636
1133	0.732636
1134	0.735397
1135	0.735397
1136	0.735397
1137	0.735635
1138	0.735635
1139	0.735635
1140	0.735635
1141	0.741967
1142	0.741967
1143	0.741967
1144	0.741967
1145	0.742204
1146	0.743152
1147	0.743152
1148	0.743152
1149	0.743152
1150	0.743152
1151	0.743152
1152	0.743152
1153	0.743152
1154	0.743152
1155	0.743152
1156	0.743152
1157	0.743152
1158	0.743152
1159	0.743152
1160	0.743152
1161	0.743152
1162	0.743152
1163	0.743152
1164	0.743152
1165	0.743152
1166	0.743152
1167	0.743152
1168	0.743152
1169	0.743152
1170	0.745453
1171	0.745453
1172	0.745453
1173	0.745453
1174	0.745453
1175	0.745453
1176	0.745453
1177	0.745453
1178	0.745453
1179	0.745453
1180	0.745453
1181	0.745453
1182	0.745453
1183	0.745676
1184	0.745676
1185	0.745676
1186	0.745676
1187	0.745676
1188	0.745676
1189	0.745676
1190	0.745676
1191	0.745676
1192	0.745676
1193	0.745676
1194	0.749609
1195	0.749609
1196	0.749609
1197	0.749609
1198	0.749609
1199	0.749609
1200	0.749609
1201	0.749609
1202	0.752664
1203	0.752664
1204	0.752664
1205	0.752664
1206	0.752664
1207	0.752664
1208	0.752664
1209	0.752664
1210	0.752664
1211	0.752664
1212	0.758856
1213	0.758856
1214	0.758856
1215	0.758856
1216	0.758856
1217	0.758856
1218	0.758856
1219	0.758856
1220	0.758856
1221	0.758856
1222	0.758856
1223	0.758856
1224	0.758856
1225	0.758856
1226	0.758856
1227	0.758856
1228	0.758856
1229	0.758856
1230	0.758856
1231	0.758856
1232	0.758856
1233	0.758856
1234	0.758856
1235	0.758856
1236	0.758856
1237	0.758856
1238	0.758856
1239	0.758856
1240	0.758856
1241	0.758856
1242	0.758856
1243	0.758856
1244	0.758856
1245	0.758856
1246	0.758856
1247	0.758856
1248	0.758856
1249	0.758856
1250	0.758856
1251	0.758856
1252	0.758856
1253	0.758856
1254	0.758856
1255	0.758856
1256	0.758856
1257	0.758856
1258	0.758856
1259	0.758856
1260	0.758856
1261	0.758856
1262	0.758856
1263	0.758856
1264	0.758856
1265	0.758856
1266	0.758856
1267	0.758856
1268	0.759289
1269	0.759289
1270	0.759289
1271	0.759289
1272	0.759289
1273	0.759289
1274	0.759289
1275	0.759289
1276	0.759289
1277	0.759289
1278	0.759289
1279	0.759289
1280	0.759289
1281	0.759289
1282	0.759289
1283	0.759289
1284	0.759289
1285	0.759289
1286	0.759289
1287	0.759289
1288	0.759289
1289	0.759289
1290	0.759289
1291	0.759289
1292	0.759289
1293	0.759289
1294	0.759289
1295	0.759289
1296	0.759289
1297	0.759289
1298	0.759289
1299	0.759289
1300	0.759289
1301	0.759289
1302	0.759289
1303	0.759289
1304	0.759289
1305	0.759289
1306	0.759289
1307	0.759289
1308	0.759289
1309	0.759289
1310	0.759289
1311	0.759289
1312	0.759289
1313	0.759289
1314	0.759289
1315	0.759289
1316	0.759289
1317	0.759289
1318	0.759289
1319	0.759289
1320	0.759289
1321	0.759289
1322	0.759289
1323	0.759289
1324	0.759289
1325	0.759289
1326	0.759289
1327	0.759289
1328	0.759289
1329	0.759289
1330	0.759289
1331	0.759289
1332	0.759289
1333	0.759289
1334	0.759289
1335	0.759289
1336	0.759289
1337	0.759289
1338	0.759289
1339	0.759289
1340	0.759289
1341	0.759289
1342	0.759289
1343	0.759289
1344	0.759289
1345	0.759289
1346	0.759289
1347	0.759289
1348	0.759289
1349	0.759289
1350	0.759289
1351	0.759289
1352	0.759289
1353	0.759289
1354	0.759289
1355	0.759289
1356	0.759289
1357	0.759289
1358	0.759289
1359	0.759289
1360	0.759289
1361	0.759289
1362	0.759289
1363	0.759289
1364	0.759289
1365	0.759289
1366	0.759289
1367	0.759289
1368	0.759289
1369	0.759289
1370	0.759289
1371	0.759289
1372	0.759289
1373	0.759289
1374	0.759289
1375	0.759289
1376	0.759289
1377	0.759289
1378	0.759289
1379	0.759289
1380	0.759289
1381	0.759289
1382	0.759289
1383	0.759289
1384	0.759289
1385	0.759289
1386	0.759289
1387	0.759289
1388	0.759289
1389	0.759289
1390	0.759289
1391	0.759289
1392	0.759289
1393	0.759289
1394	0.759289
1395	0.759289
1396	0.759289
1397	0.759289
1398	0.759289
1399	0.759289
1400	0.759289
1401	0.759289
1402	0.759289
1403	0.759289
1404	0.759289
1405	0.759289
1406	0.759289
1407	0.759289
1408	0.759289
1409	0.759289
1410	0.759289
1411	0.759289
1412	0.759289
1413	0.759289
1414	0.759289
1415	0.759289
1416	0.759289
1417	0.759289
1418	0.759289
1419	0.759289
1420	0.759289
1421	0.759289
1422	0.759289
1423	0.759289
1424	0.759289
1425	0.759289
1426	0.759289
1427	0.759289
1428	0.759289
1429	0.759289
1430	0.759289
1431	0.759289
1432	0.759289
1433	0.759289
1434	0.759289
1435	0.759289
1436	0.759289
1437	0.759289
1438	0.759289
1439	0.759289
1440	0.759289
1441	0.759289
1442	0.759289
1443	0.759289
1444	0.759289
1445	0.759289
1446	0.759289
1447	0.759289
1448	0.759289
1449	0.759289
1450	0.759289
1451	0.759289
1452	0.759289
1453	0.759289
1454	0.759289
1455	0.759289
1456	0.759289
1457	0.759289
1458	0.759289
1459	0.759289
1460	0.759289
1461	0.759289
1462	0.759289
1463	0.759289
1464	0.759289
1465	0.759289
1466	0.759289
1467	0.759289
1468	0.759289
1469	0.759289
1470	0.772831
1471	0.773291
1472	0.776346
1473	0.782957
1474	0.782957
1475	0.782957
1476	0.782957
1477	0.782957
1478	0.782957
1479	0.782957
1480	0.785314
1481	0.785384
1482	0.785384
1483	0.785384
1484	0.785384
1485	0.785384
1486	0.785384
1487	0.785635
1488	0.785635
1489	0.785635
1490	0.785635
1491	0.785635
1492	0.785635
1493	0.785635
1494	0.78689
1495	0.78689
1496	0.78689
1497	0.78689
1498	0.78689
1499	0.78689
1500	0.787824
1501	0.787824
1502	0.787824
1503	0.787824
1504	0.787824
1505	0.787824
1506	0.787824
1507	0.787824
1508	0.787824
1509	0.787824
1510	0.787824
1511	0.787824
1512	0.787824
1513	0.787824
1514	0.790279
1515	0.790962
1516	0.790962
1517	0.790962
1518	0.790962
1519	0.790962
1520	0.790962
1521	0.790962
1522	0.795593
1523	0.796541
1524	0.796541
1525	0.796541
1526	0.796541
1527	0.796541
1528	0.796541
1529	0.796541
1530	0.796541
1531	0.796541
1532	0.796541
1533	0.796541
1534	0.796541
1535	0.796541
1536	0.796541
1537	0.796541
1538	0.796541
1539	0.796541
1540	0.796541
1541	0.796541
1542	0.796541
1543	0.796541
1544	0.796541
1545	0.796541
1546	0.796541
1547	0.796541
1548	0.796541
1549	0.796778
1550	0.796778
1551	0.796778
1552	0.796778
1553	0.796778
1554	0.796778
1555	0.796778
1556	0.796778
1557	0.796778
1558	0.796778
1559	0.796778
1560	0.796778
1561	0.796778
1562	0.796778
1563	0.796778
1564	0.796778
1565	0.796778
1566	0.796778
1567	0.796778
1568	0.796778
1569	0.796778
1570	0.796778
1571	0.796778
1572	0.796778
1573	0.796778
1574	0.796778
1575	0.796778
1576	0.796778
1577	0.796778
1578	0.796778
1579	0.796778
1580	0.796778
1581	0.796778
1582	0.796778
1583	0.796778
1584	0.796778
1585	0.796778
1586	0.797462
1587	0.797462
1588	0.797462
1589	0.797462
1590	0.797462
1591	0.797462
1592	0.797462
1593	0.797462
1594	0.797462
1595	0.797462
1596	0.797462
1597	0.797462
1598	0.797462
1599	0.797462
1600	0.797462
1601	0.797462
1602	0.797462
1603	0.797462
1604	0.797462
1605	0.797462
1606	0.797462
1607	0.797462
1608	0.797462
1609	0.797462
1610	0.797462
1611	0.797462
1612	0.797462
1613	0.797462
1614	0.797462
1615	0.797462
1616	0.797462
1617	0.797462
1618	0.797462
1619	0.797462
1620	0.797462
1621	0.797462
1622	0.797462
1623	0.797462
1624	0.797462
1625	0.797462
1626	0.797462
1627	0.797462
1628	0.797462
1629	0.797462
1630	0.797462
1631	0.798159
1632	0.798159
1633	0.798159
1634	0.798159
1635	0.798159
1636	0.798159
1637	0.798159
1638	0.798159
1639	0.798159
1640	0.798159
1641	0.798159
1642	0.798159
1643	0.798159
1644	0.798159
1645	0.798159
1646	0.798159
1647	0.798159
1648	0.798159
1649	0.798159
1650	0.798159
1651	0.798159
1652	0.798898
1653	0.798898
1654	0.798898
1655	0.798898
1656	0.798898
1657	0.798898
1658	0.798898
1659	0.808731
1660	0.808731
1661	0.808731
1662	0.808731
1663	0.808731
1664	0.808731
1665	0.808731
1666	0.808731
1667	0.808731
1668	0.808731
1669	0.808731
1670	0.808731
1671	0.808731
1672	0.808731
1673	0.808731
1674	0.808731
1675	0.808731
1676	0.808731
1677	0.808731
1678	0.808731
1679	0.808731
1680	0.808731
1681	0.808731
1682	0.808731
1683	0.808731
1684	0.808731
1685	0.808731
1686	0.808731
1687	0.808731
1688	0.808731
1689	0.808731
1690	0.808731
1691	0.808731
1692	0.808731
1693	0.808731
1694	0.808731
1695	0.808731
1696	0.808731
1697	0.808731
1698	0.808731
1699	0.808731
1700	0.808731
1701	0.808731
1702	0.808731
1703	0.808731
1704	0.808731
1705	0.808731
1706	0.808731
1707	0.808731
1708	0.808731
1709	0.808731
1710	0.808731
1711	0.808731
1712	0.808731
1713	0.808731
1714	0.808731
1715	0.808731
1716	0.808731
1717	0.808731
1718	0.808731
1719	0.808731
1720	0.808731
1721	0.808731
1722	0.808731
1723	0.808731
1724	0.808731
1725	0.808731
1726	0.808731
1727	0.808731
1728	0.808731
1729	0.808731
1730	0.808731
1731	0.808731
1732	0.808731
1733	0.808731
1734	0.808731
1735	0.808731
1736	0.808731
1737	0.808731
1738	0.808731
1739	0.808731
1740	0.808731
1741	0.808731
1742	0.808731
1743	0.808731
1744	0.808731
1745	0.808731
1746	0.808731
1747	0.808731
1748	0.808731
1749	0.808731
1750	0.808731
1751	0.808731
1752	0.808731
1753	0.808731
1754	0.808731
1755	0.808731
1756	0.808731
1757	0.808731
1758	0.808731
1759	0.808731
1760	0.808731
1761	0.808731
1762	0.808731
1763	0.808731
1764	0.808731
1765	0.808731
1766	0.808731
1767	0.808731
1768	0.808731
1769	0.808731
1770	0.808731
1771	0.808731
1772	0.808731
1773	0.808731
1774	0.808731
1775	0.808731
1776	0.808731
1777	0.808731
1778	0.808731
1779	0.808731
1780	0.808731
1781	0.808731
1782	0.808731
1783	0.808731
1784	0.808731
1785	0.808731
1786	0.808731
1787	0.808731
1788	0.808731
1789	0.808731
1790	0.808731
1791	0.808731
1792	0.808731
1793	0.808731
1794	0.808731
1795	0.808731
1796	0.808731
1797	0.808731
1798	0.808731
1799	0.808731
1800	0.808731
1801	0.808731
1802	0.808731
1803	0.808731
1804	0.808731
1805	0.808731
1806	0.808731
1807	0.808731
1808	0.808731
1809	0.808731
1810	0.808731
1811	0.808731
1812	0.808731
1813	0.808731
1814	0.808731
1815	0.808731
1816	0.808731
1817	0.808731
1818	0.808731
1819	0.808731
1820	0.808731
1821	0.808731
1822	0.808731
1823	0.808731
1824	0.808731
1825	0.808731
1826	0.808731
1827	0.808731
1828	0.808731
1829	0.808731
1830	0.808731
1831	0.808731
1832	0.808731
1833	0.808731
1834	0.808731
1835	0.808731
1836	0.808731
1837	0.808731
1838	0.808731
1839	0.808731
1840	0.808731
1841	0.808731
1842	0.808731
1843	0.808731
1844	0.808731
1845	0.808731
1846	0.808731
1847	0.808731
1848	0.808731
1849	0.808731
1850	0.808731
1851	0.808731
1852	0.808731
1853	0.808731
1854	0.808731
1855	0.808731
1856	0.808731
1857	0.808731
1858	0.808731
1859	0.808731
1860	0.808731
1861	0.808731
1862	0.808731
1863	0.808731
1864	0.808731
1865	0.808731
1866	0.808731
1867	0.808731
1868	0.808731
1869	0.808731
1870	0.808731
1871	0.808731
1872	0.808731
1873	0.808731
1874	0.808731
1875	0.808731
1876	0.808731
1877	0.808731
1878	0.808731
1879	0.808731
1880	0.808731
1881	0.808731
1882	0.808731
1883	0.808731
1884	0.808731
1885	0.808731
1886	0.808731
1887	0.808731
1888	0.808731
1889	0.808731
1890	0.808731
1891	0.808731
1892	0.808731
1893	0.808731
1894	0.808731
1895	0.808731
1896	0.808731
1897	0.808731
1898	0.808731
1899	0.808731
1900	0.808731
1901	0.808731
1902	0.808731
1903	0.808731
1904	0.808731
1905	0.808731
1906	0.808731
1907	0.808731
1908	0.808731
1909	0.808731
1910	0.808731
1911	0.808731
1912	0.808731
1913	0.808731
1914	0.808731
1915	0.808731
1916	0.808731
1917	0.808731
1918	0.808731
1919	0.808731
1920	0.808731
1921	0.808731
1922	0.808731
1923	0.808731
1924	0.808731
1925	0.808731
1926	0.808731
1927	0.808731
1928	0.808731
1929	0.808731
1930	0.808731
1931	0.808731
1932	0.808731
1933	0.808731
1934	0.808731
1935	0.808731
1936	0.808731
1937	0.808731
1938	0.808731
1939	0.808731
1940	0.808731
1941	0.808731
1942	0.808731
1943	0.808731
1944	0.808731
1945	0.808731
1946	0.808731
1947	0.808731
1948	0.808731
1949	0.808731
1950	0.808731
1951	0.808731
1952	0.808731
1953	0.808731
1954	0.808731
1955	0.808731
1956	0.808731
1957	0.808731
1958	0.808731
1959	0.808731
1960	0.808731
1961	0.808731
1962	0.808731
1963	0.808731
1964	0.808731
1965	0.808731
1966	0.808731
1967	0.808731
1968	0.808731
1969	0.808731
1970	0.808731
1971	0.808731
1972	0.808731
1973	0.808731
1974	0.808731
1975	0.808731
1976	0.808731
1977	0.808731
1978	0.808731
1979	0.808731
1980	0.808731
1981	0.808731
1982	0.808731
1983	0.808731
1984	0.808731
1985	0.808731
1986	0.808731
1987	0.808731
1988	0.808731
1989	0.808731
1990	0.808731
1991	0.808731
1992	0.808731
1993	0.808731
1994	0.808731
1995	0.808731
1996	0.808731
1997	0.808731
1998	0.808731
1999	0.808731
2000	0.808731
2001	0.808731
2002	0.808731
2003	0.808731
2004	0.808731
2005	0.808731
2006	0.808731
2007	0.808731
2008	0.808731
2009	0.808731
2010	0.808731
2011	0.808731
2012	0.808731
2013	0.808731
2014	0.808731
2015	0.808731
2016	0.808731
2017	0.808731
2018	0.808731
2019	0.808731
2020	0.808731
2021	0.808731
2022	0.808731
2023	0.808731
2024	0.808731
2025	0.808731
2026	0.808731
2027	0.808731
2028	0.808731
2029	0.808731
2030	0.808731
2031	0.808731
2032	0.808731
2033	0.808731
2034	0.808731
2035	0.808731
2036	0.808731
2037	0.808996
2038	0.808996
2039	0.808996
2040	0.808996
2041	0.808996
2042	0.808996
2043	0.808996
2044	0.808996
2045	0.808996
2046	0.808996
2047	0.808996
2048	0.808996
2049	0.808996
2050	0.808996
2051	0.808996
2052	0.808996
2053	0.808996
2054	0.808996
2055	0.808996
2056	0.808996
2057	0.808996
2058	0.808996
2059	0.808996
2060	0.808996
2061	0.808996
2062	0.808996
2063	0.808996
2064	0.808996
2065	0.808996
2066	0.808996
2067	0.808996
2068	0.808996
2069	0.808996
2070	0.808996
2071	0.808996
2072	0.808996
2073	0.808996
2074	0.808996
2075	0.808996
2076	0.808996
2077	0.808996
2078	0.808996
2079	0.808996
2080	0.808996
2081	0.808996
2082	0.808996
2083	0.808996
2084	0.808996
2085	0.808996
2086	0.808996
2087	0.808996
2088	0.808996
2089	0.808996
2090	0.808996
2091	0.808996
2092	0.808996
2093	0.808996
2094	0.808996
2095	0.808996
2096	0.808996
2097	0.808996
2098	0.808996
2099	0.808996
2100	0.808996
2101	0.808996
2102	0.808996
2103	0.808996
2104	0.808996
2105	0.808996
2106	0.808996
2107	0.808996
2108	0.808996
2109	0.808996
2110	0.808996
2111	0.808996
2112	0.808996
2113	0.808996
2114	0.808996
2115	0.808996
2116	0.808996
2117	0.808996
2118	0.808996
2119	0.808996
2120	0.808996
2121	0.808996
2122	0.808996
2123	0.808996
2124	0.808996
2125	0.808996
2126	0.808996
2127	0.808996
2128	0.808996
2129	0.808996
2130	0.808996
2131	0.808996
2132	0.808996
2133	0.808996
2134	0.808996
2135	0.808996
2136	0.808996
2137	0.808996
2138	0.808996
2139	0.808996
2140	0.808996
2141	0.808996
2142	0.808996
2143	0.808996
2144	0.808996
2145	0.808996
2146	0.808996
2147	0.808996
2148	0.808996
2149	0.808996
2150	0.808996
2151	0.808996
2152	0.808996
2153	0.808996
2154	0.808996
2155	0.808996
2156	0.808996
2157	0.808996
2158	0.808996
2159	0.808996
2160	0.808996
2161	0.808996
2162	0.808996
2163	0.808996
2164	0.808996
2165	0.808996
2166	0.808996
2167	0.808996
2168	0.808996
2169	0.808996
2170	0.808996
2171	0.808996
2172	0.808996
2173	0.808996
2174	0.808996
2175	0.808996
2176	0.808996
2177	0.808996
2178	0.808996
2179	0.808996
2180	0.808996
2181	0.840683
2182	0.86205
2183	0.862329
2184	0.862329
2185	0.862329
2186	0.862329
2187	0.862329
2188	0.862329
2189	0.863278
2190	0.863278
2191	0.863278
2192	0.863278
2193	0.863278
2194	0.863278
2195	0.863278
2196	0.863278
2197	0.863278
2198	0.863278
2199	0.863278
2200	0.863278
2201	0.863278
2202	0.863278
2203	0.863278
2204	0.86742
2205	0.86742
2206	0.86742
2207	0.86742
2208	0.86742
2209	0.86742
2210	0.86742
2211	0.86742
2212	0.86742
2213	0.86742
2214	0.86742
2215	0.86742
2216	0.86742
2217	0.86742
2218	0.86742
2219	0.86742
2220	0.86742
2221	0.86742
2222	0.86742
2223	0.86742
2224	0.86742
2225	0.86742
2226	0.86742
2227	0.86742
2228	0.86742
2229	0.86742
2230	0.869261
2231	0.869261
2232	0.870153
2233	0.870153
2234	0.870153
2235	0.870153
2236	0.870153
2237	0.870153
2238	0.870153
2239	0.870153
2240	0.870153
2241	0.870153
2242	0.870153
2243	0.870153
2244	0.870153
2245	0.870153
2246	0.870153
2247	0.870153
2248	0.870153
2249	0.870153
2250	0.870153
2251	0.870153
2252	0.870153
2253	0.870153
2254	0.870153
2255	0.870153
2256	0.870153
2257	0.870153
2258	0.870153
2259	0.870153
2260	0.870153
2261	0.870153
2262	0.870153
2263	0.870153
2264	0.870153
2265	0.870153
2266	0.870153
2267	0.870153
2268	0.870153
2269	0.870153
2270	0.870153
2271	0.870153
2272	0.870153
2273	0.870153
2274	0.870153
2275	0.876834
2276	0.876834
2277	0.876834
2278	0.876834
2279	0.876834
2280	0.876834
2281	0.876834
2282	0.876834
2283	0.876834
2284	0.877727
2285	0.877727
2286	0.877727
2287	0.877727
2288	0.877727
2289	0.877727
2290	0.877727
2291	0.877727
2292	0.877727
2293	0.877727
2294	0.877727
2295	0.877727
2296	0.877727
2297	0.877727
2298	0.877727
2299	0.877727
2300	0.877727
2301	0.877727
2302	0.877727
2303	0.877727
2304	0.877727
2305	0.877727
2306	0.877727
2307	0.877727
2308	0.877727
2309	0.877727
2310	0.877727
2311	0.877727
2312	0.877727
2313	0.877727
2314	0.877727
2315	0.877727
2316	0.877727
2317	0.877727
2318	0.877727
2319	0.877727
2320	0.877727
2321	0.877727
2322	0.877727
2323	0.877727
2324	0.877727
2325	0.877727
2326	0.877727
2327	0.877727
2328	0.877727
2329	0.877727
2330	0.877727
2331	0.877727
2332	0.877727
2333	0.877727
2334	0.877727
2335	0.877727
2336	0.877727
2337	0.877727
2338	0.877727
2339	0.877727
2340	0.877727
2341	0.877727
2342	0.877727
2343	0.877727
2344	0.877727
2345	0.877727
2346	0.877727
2347	0.877727
2348	0.877727
2349	0.877727
2350	0.877727
2351	0.877727
2352	0.877727
2353	0.877727
2354	0.877727
2355	0.877727
2356	0.877727
2357	0.877727
2358	0.877727
2359	0.879805
2360	0.879805
2361	0.879805
2362	0.879805
2363	0.879805
2364	0.879805
2365	0.879805
2366	0.879805
2367	0.879805
2368	0.879805
2369	0.879805
2370	0.879805
2371	0.879805
2372	0.879805
2373	0.879805
2374	0.879805
2375	0.879805
2376	0.879805
2377	0.879805
2378	0.879805
2379	0.879805
2380	0.879805
2381	0.879805
2382	0.879805
2383	0.879805
2384	0.879805
2385	0.879805
2386	0.879805
2387	0.879805
2388	0.879805
2389	0.879805
2390	0.879805
2391	0.879805
2392	0.879805
2393	0.879805
2394	0.879805
2395	0.879805
2396	0.879805
2397	0.879805
2398	0.879805
2399	0.879805
2400	0.879805
2401	0.879805
2402	0.879805
2403	0.879805
2404	0.879805
2405	0.879805
2406	0.879805
2407	0.879805
2408	0.879805
2409	0.879805
2410	0.879805
2411	0.879805
2412	0.879805
2413	0.879805
2414	0.879805
2415	0.879805
2416	0.879805
2417	0.879805
2418	0.879805
2419	0.879805
2420	0.879805
2421	0.879805
2422	0.879805
2423	0.879805
2424	0.879805
2425	0.879805
2426	0.879805
2427	0.879805
2428	0.879805
2429	0.879805
2430	0.879805
2431	0.879805
2432	0.879805
2433	0.879805
2434	0.879805
2435	0.879805
2436	0.879805
2437	0.879805
2438	0.879805
2439	0.879805
2440	0.879805
2441	0.879805
2442	0.879805
2443	0.879805
2444	0.879805
2445	0.879805
2446	0.879805
2447	0.879805
2448	0.879805
2449	0.879805
2450	0.879805
2451	0.879805
2452	0.879805
2453	0.879805
2454	0.879805
2455	0.879805
2456	0.879805
2457	0.879805
2458	0.879805
2459	0.879805
2460	0.879805
2461	0.879805
2462	0.879805
2463	0.879805
2464	0.879805
2465	0.879805
2466	0.879805
2467	0.879805
2468	0.879805
2469	0.879805
2470	0.879805
2471	0.879805
2472	0.879805
2473	0.879805
2474	0.879805
2475	0.879805
2476	0.879805
2477	0.879805
2478	0.879805
2479	0.879805
2480	0.879805
2481	0.879805
2482	0.879805
2483	0.879805
2484	0.879805
2485	0.879805
2486	0.879805
2487	0.879805
2488	0.879805
2489	0.879805
2490	0.879805
2491	0.879805
2492	0.879805
2493	0.879805
2494	0.879805
2495	0.879805
2496	0.879805
2497	0.879805
2498	0.879805
2499	0.879805
2500	0.879805
2501	0.879805
2502	0.879805
2503	0.879805
2504	0.879805
2505	0.879805
2506	0.879805
2507	0.879805
2508	0.879805
2509	0.879805
2510	0.879805
2511	0.879805
2512	0.879805
2513	0.879805
2514	0.879805
2515	0.879805
2516	0.879805
2517	0.879805
2518	0.879805
2519	0.879805
2520	0.879805
2521	0.879805
2522	0.879805
2523	0.879805
2524	0.879805
2525	0.879805
2526	0.879805
2527	0.879805
2528	0.879805
2529	0.879805
2530	0.879805
2531	0.879805
2532	0.879805
2533	0.879805
2534	0.879805
2535	0.879805
2536	0.879805
2537	0.879805
2538	0.879805
2539	0.879805
2540	0.879805
2541	0.879805
2542	0.879805
2543	0.879805
2544	0.879805
2545	0.879805
2546	0.879805
2547	0.879805
2548	0.879805
2549	0.879805
2550	0.879805
2551	0.879805
2552	0.879805
2553	0.879805
2554	0.879805
2555	0.879805
2556	0.879805
2557	0.879805
2558	0.879805
2559	0.879805
2560	0.879805
2561	0.879805
2562	0.879805
2563	0.879805
2564	0.879805
2565	0.879805
2566	0.879805
2567	0.879805
2568	0.879805
2569	0.879805
2570	0.879805
2571	0.879805
2572	0.879805
2573	0.879805
2574	0.879805
2575	0.879805
2576	0.879805
2577	0.879805
2578	0.879805
2579	0.879805
2580	0.879805
2581	0.879805
2582	0.879805
2583	0.879805
2584	0.879805
2585	0.879805
2586	0.879805
2587	0.879805
2588	0.879805
2589	0.879805
2590	0.879805
2591	0.879805
2592	0.879805
2593	0.879805
2594	0.879805
2595	0.879805
2596	0.879805
2597	0.879805
2598	0.879805
2599	0.879805
2600	0.879805
2601	0.879805
2602	0.879805
2603	0.879805
2604	0.879805
2605	0.879805
2606	0.880934
2607	0.880934
2608	0.880934
2609	0.880934
2610	0.880934
2611	0.880934
2612	0.880934
2613	0.880934
2614	0.880934
2615	0.880934
2616	0.880934
2617	0.880934
2618	0.880934
2619	0.880934
2620	0.880934
2621	0.880934
2622	0.880934
2623	0.880934
2624	0.880934
2625	0.880934
2626	0.880934
2627	0.880934
2628	0.880934
2629	0.880934
2630	0.880934
2631	0.880934
2632	0.880934
2633	0.880934
2634	0.880934
2635	0.880934
2636	0.880934
2637	0.880934
2638	0.880934
2639	0.880934
2640	0.880934
2641	0.880934
2642	0.880934
2643	0.880934
2644	0.880934
2645	0.880934
2646	0.880934
2647	0.880934
2648	0.880934
2649	0.880934
2650	0.880934
2651	0.880934
2652	0.880934
2653	0.880934
2654	0.880934
2655	0.880934
2656	0.880934
2657	0.880934
2658	0.880934
2659	0.880934
2660	0.880934
2661	0.880934
2662	0.880934
2663	0.880934
2664	0.880934
2665	0.880934
2666	0.880934
2667	0.880934
2668	0.880934
2669	0.880934
2670	0.880934
2671	0.880934
2672	0.880934
2673	0.880934
2674	0.880934
2675	0.880934
2676	0.880934
2677	0.880934
2678	0.880934
2679	0.880934
2680	0.880934
2681	0.880934
2682	0.880934
2683	0.880934
2684	0.880934
2685	0.880934
2686	0.880934
2687	0.880934
2688	0.880934
2689	0.880934
2690	0.880934
2691	0.880934
2692	0.880934
2693	0.880934
2694	0.880934
2695	0.880934
2696	0.880934
2697	0.880934
2698	0.880934
2699	0.880934
2700	0.880934
2701	0.880934
2702	0.880934
2703	0.880934
2704	0.880934
2705	0.880934
2706	0.880934
2707	0.880934
2708	0.880934
2709	0.880934
2710	0.880934
2711	0.880934
2712	0.880934
2713	0.880934
2714	0.880934
2715	0.880934
2716	0.880934
2717	0.880934
2718	0.880934
2719	0.880934
2720	0.880934
2721	0.880934
2722	0.880934
2723	0.880934
2724	0.880934
2725	0.880934
2726	0.880934
2727	0.880934
2728	0.880934
2729	0.880934
2730	0.880934
2731	0.880934
2732	0.880934
2733	0.880934
2734	0.880934
2735	0.880934
2736	0.881158
2737	0.885844
2738	0.888968
2739	0.888968
2740	0.888968
2741	0.888968
2742	0.888968
2743	0.888968
2744	0.888968
2745	0.888968
2746	0.888968
2747	0.888968
2748	0.888968
2749	0.888968
2750	0.891423
2751	0.891423
2752	0.891423
2753	0.891423
2754	0.891423
2755	0.891423
2756	0.891423
2757	0.891423
2758	0.891423
2759	0.891423
2760	0.891423
2761	0.891423
2762	0.891423
2763	0.891423
2764	0.891423
2765	0.891423
2766	0.891423
2767	0.891423
2768	0.891423
2769	0.891423
2770	0.89477
2771	0.89477
2772	0.89477
2773	0.894993
2774	0.894993
2775	0.894993
2776	0.894993
2777	0.894993
2778	0.894993
2779	0.894993
2780	0.894993
2781	0.894993
2782	0.894993
2783	0.894993
2784	0.894993
2785	0.894993
2786	0.894993
2787	0.894993
2788	0.894993
2789	0.894993
2790	0.894993
2791	0.894993
2792	0.894993
2793	0.894993
2794	0.894993
2795	0.894993
2796	0.894993
2797	0.894993
2798	0.894993
2799	0.894993
2800	0.894993
2801	0.894993
2802	0.894993
2803	0.894993
2804	0.894993
2805	0.894993
2806	0.894993
2807	0.894993
2808	0.894993
2809	0.894993
2810	0.894993
2811	0.894993
2812	0.894993
2813	0.894993
2814	0.900572
2815	0.900572
2816	0.900572
2817	0.900572
2818	0.900572
2819	0.900572
2820	0.900572
2821	0.900572
2822	0.900572
2823	0.900572
2824	0.900572
2825	0.900572
2826	0.900572
2827	0.900572
2828	0.900572
2829	0.900572
2830	0.900572
2831	0.900572
2832	0.900572
2833	0.900572
2834	0.900572
2835	0.900572
2836	0.900572
2837	0.900572
2838	0.900572
2839	0.900572
2840	0.900572
2841	0.900572
2842	0.900572
2843	0.900572
2844	0.900572
2845	0.900572
2846	0.900572
2847	0.900572
2848	0.900572
2849	0.900572
2850	0.900572
2851	0.900572
2852	0.900572
2853	0.900572
2854	0.900572
2855	0.900572
2856	0.900572
2857	0.900572
2858	0.900572
2859	0.900572
2860	0.900572
2861	0.900572
2862	0.900572
2863	0.900572
2864	0.900572
2865	0.900572
2866	0.900572
2867	0.900572
2868	0.900572
2869	0.900572
2870	0.900572
2871	0.900572
2872	0.900572
2873	0.905035
2874	0.905035
2875	0.905035
2876	0.905035
2877	0.905035
2878	0.905035
2879	0.905035
2880	0.905035
2881	0.905035
2882	0.905035
2883	0.905035
2884	0.905035
2885	0.905035
2886	0.905035
2887	0.905035
2888	0.905035
2889	0.905035
2890	0.905035
2891	0.905035
2892	0.905035
2893	0.905035
2894	0.905035
2895	0.905035
2896	0.905035
2897	0.905035
2898	0.905035
2899	0.905035
2900	0.905035
2901	0.905035
2902	0.905035
2903	0.905035
2904	0.905035
2905	0.905035
2906	0.905035
2907	0.905035
2908	0.905035
2909	0.905035
2910	0.905035
2911	0.905035
2912	0.905035
2913	0.905035
2914	0.905035
2915	0.905035
2916	0.905035
2917	0.905035
2918	0.905035
2919	0.905035
2920	0.905035
2921	0.905035
2922	0.905035
2923	0.905035
2924	0.905035
2925	0.905035
2926	0.905035
2927	0.905035
2928	0.905035
2929	0.905035
2930	0.905035
2931	0.905035
2932	0.905035
2933	0.905035
2934	0.905035
2935	0.905035
2936	0.905035
2937	0.905035
2938	0.905035
2939	0.905035
2940	0.909093
2941	0.909093
2942	0.909093
2943	0.909093
2944	0.909093
2945	0.909093
2946	0.909093
2947	0.909093
2948	0.909093
2949	0.912775
2950	0.912775
2951	0.912775
2952	0.912775
2953	0.912775
2954	0.912775
2955	0.912999
2956	0.913668
2957	0.913668
2958	0.913668
2959	0.913668
2960	0.913668
2961	0.913668
2962	0.913668
2963	0.913668
2964	0.913668
2965	0.913668
2966	0.913668
2967	0.913668
2968	0.913668
2969	0.913668
2970	0.930377
2971	0.930377
2972	0.930377
2973	0.930377
2974	0.933724
2975	0.933724
2976	0.933724
2977	0.933724
2978	0.933724
2979	0.933724
2980	0.933724
2981	0.933947
2982	0.933947
2983	0.933947
2984	0.933947
2985	0.933947
2986	0.936625
2987	0.936625
2988	0.936625
2989	0.936625
2990	0.936625
2991	0.938187
2992	0.938187
2993	0.938187
2994	0.938187
2995	0.938187
2996	0.938187
2997	0.938187
2998	0.938187
2999	0.938187
3000	0.938187
3001	0.938633
3002	0.938633
3003	0.938633
3004	0.938633
3005	0.938633
3006	0.938633
3007	0.938633
3008	0.938633
3009	0.938633
3010	0.938633
3011	0.938633
3012	0.938633
3013	0.938633
3014	0.938633
3015	0.938633
3016	0.938633
3017	0.938633
3018	0.938633
3019	0.938856
3020	0.938856
3021	0.938856
3022	0.938856
3023	0.939079
3024	0.939079
3025	0.939079
3026	0.939079
3027	0.939079
3028	0.939079
3029	0.939079
3030	0.939079
3031	0.939079
3032	0.939079
3033	0.939079
3034	0.939079
3035	0.939079
3036	0.939749
3037	0.939749
3038	0.939749
3039	0.939749
3040	0.939749
3041	0.939749
3042	0.939749
3043	0.939749
3044	0.939749
3045	0.939749
3046	0.939749
3047	0.939749
3048	0.939749
3049	0.939749
3050	0.939749
3051	0.939749
3052	0.939749
3053	0.939749
3054	0.939749
3055	0.939749
3056	0.939749
3057	0.939749
3058	0.939749
3059	0.939749
3060	0.939749
3061	0.939749
3062	0.939749
3063	0.939749
3064	0.939749
3065	0.939749
3066	0.939749
3067	0.939749
3068	0.939749
3069	0.939749
3070	0.939749
3071	0.939749
3072	0.939749
3073	0.939749
3074	0.939749
3075	0.939749
3076	0.939749
3077	0.939749
3078	0.939749
3079	0.939749
3080	0.939749
3081	0.939749
3082	0.939749
3083	0.939749
3084	0.939749
3085	0.939749
3086	0.939749
3087	0.939749
3088	0.939749
3089	0.939749
3090	0.939749
3091	0.939749
3092	0.939749
3093	0.939749
3094	0.939749
3095	0.939749
3096	0.939749
3097	0.939749
3098	0.939749
3099	0.939749
3100	0.939749
3101	0.939749
3102	0.939749
3103	0.939749
3104	0.939749
3105	0.939749
3106	0.939749
3107	0.939749
3108	0.939749
3109	0.939749
3110	0.939749
3111	0.939749
3112	0.939749
3113	0.939749
3114	0.939749
3115	0.939749
3116	0.939749
3117	0.939749
3118	0.939749
3119	0.939749
3120	0.939749
3121	0.939749
3122	0.939749
3123	0.939749
3124	0.939749
3125	0.939749
3126	0.939749
3127	0.939749
3128	0.939749
3129	0.939749
3130	0.939749
3131	0.939749
3132	0.939749
3133	0.939749
3134	0.939749
3135	0.939749
3136	0.939749
3137	0.939749
3138	0.939749
3139	0.939749
3140	0.939749
3141	0.939749
3142	0.939749
3143	0.939749
3144	0.939749
3145	0.939749
3146	0.939749
3147	0.939749
3148	0.939749
3149	0.939749
3150	0.939749
3151	0.939749
3152	0.939749
3153	0.939749
3154	0.939749
3155	0.939749
3156	0.939749
3157	0.939749
3158	0.939749
3159	0.939749
3160	0.939749
3161	0.939749
3162	0.939749
3163	0.939749
3164	0.939749
3165	0.939749
3166	0.939749
3167	0.939749
3168	0.939749
3169	0.939749
3170	0.939749
3171	0.939749
3172	0.939749
3173	0.939749
3174	0.939749
3175	0.939749
3176	0.939749
3177	0.939749
3178	0.939749
3179	0.939749
3180	0.939749
3181	0.939749
3182	0.939749
3183	0.939749
3184	0.939749
3185	0.939749
3186	0.939749
3187	0.939749
3188	0.939749
3189	0.939749
3190	0.939749
3191	0.939749
3192	0.939749
3193	0.939749
3194	0.939749
3195	0.939749
3196	0.939749
3197	0.939749
3198	0.939749
3199	0.939749
3200	0.939749
3201	0.939749
3202	0.939749
3203	0.939749
3204	0.939749
3205	0.939749
3206	0.939749
3207	0.939749
3208	0.939749
3209	0.939749
3210	0.939749
3211	0.939749
3212	0.939749
3213	0.939749
3214	0.939749
3215	0.939749
3216	0.939749
3217	0.939749
3218	0.939749
3219	0.939749
3220	0.939749
3221	0.939749
3222	0.939749
3223	0.939749
3224	0.939749
3225	0.939749
3226	0.939749
3227	0.939749
3228	0.939749
3229	0.939749
3230	0.939749
3231	0.939749
3232	0.939749
3233	0.939749
3234	0.939749
3235	0.939749
3236	0.939749
3237	0.939749
3238	0.939749
3239	0.939749
3240	0.939749
3241	0.939749
3242	0.939749
3243	0.939749
3244	0.939749
3245	0.939749
3246	0.939749
3247	0.939749
3248	0.939749
3249	0.939749
3250	0.939749
3251	0.939749
3252	0.939749
3253	0.939749
3254	0.939749
3255	0.939749
3256	0.939749
3257	0.939749
3258	0.939749
3259	0.939749
3260	0.939749
3261	0.939749
3262	0.939749
3263	0.939749
3264	0.939749
3265	0.939749
3266	0.939749
3267	0.939749
3268	0.939749
3269	0.939749
3270	0.939749
3271	0.939749
3272	0.939749
3273	0.939749
3274	0.939749
3275	0.939749
3276	0.939749
3277	0.939749
3278	0.939749
3279	0.939749
3280	0.939749
3281	0.939749
3282	0.939749
3283	0.939749
3284	0.939749
3285	0.939749
3286	0.939749
3287	0.939749
3288	0.939749
3289	0.939749
3290	0.939749
3291	0.939749
3292	0.939749
3293	0.939749
3294	0.939749
3295	0.939749
3296	0.939749
3297	0.939749
3298	0.939749
3299	0.939749
3300	0.939749
3301	0.939749
3302	0.939749
3303	0.939749
3304	0.939749
3305	0.939749
3306	0.939749
3307	0.939749
3308	0.939749
3309	0.939749
3310	0.939749
3311	0.939749
3312	0.939749
3313	0.939749
3314	0.939749
3315	0.939749
3316	0.939749
3317	0.939749
3318	0.939749
3319	0.939749
3320	0.939749
3321	0.939749
3322	0.939749
3323	0.939749
3324	0.939749
3325	0.939749
3326	0.939749
3327	0.939749
3328	0.939749
3329	0.939749
3330	0.939749
3331	0.939749
3332	0.939749
3333	0.939749
3334	0.939749
3335	0.939749
3336	0.939749
3337	0.939749
3338	0.939749
3339	0.939749
3340	0.939749
3341	0.939749
3342	0.939749
3343	0.939749
3344	0.939749
3345	0.939749
3346	0.939749
3347	0.939749
3348	0.939749
3349	0.939749
3350	0.939749
3351	0.939749
3352	0.939749
3353	0.939749
3354	0.939749
3355	0.939749
3356	0.939749
3357	0.939749
3358	0.939749
3359	0.939749
3360	0.939749
3361	0.939749
3362	0.939749
3363	0.939749
3364	0.939749
3365	0.939749
3366	0.939749
3367	0.939749
3368	0.939749
3369	0.939749
3370	0.939749
3371	0.939749
3372	0.939749
3373	0.939749
3374	0.939749
3375	0.939749
3376	0.939749
3377	0.939749
3378	0.939749
3379	0.939749
3380	0.939749
3381	0.939749
3382	0.939749
3383	0.939749
3384	0.939749
3385	0.939749
3386	0.939749
3387	0.939749
3388	0.939749
3389	0.939749
3390	0.939749
3391	0.939749
3392	0.939749
3393	0.939749
3394	0.939749
3395	0.939749
3396	0.939749
3397	0.939749
3398	0.939749
3399	0.939749
3400	0.939749
3401	0.939749
3402	0.939749
3403	0.939749
3404	0.939749
3405	0.939749
3406	0.939749
3407	0.939749
3408	0.939749
3409	0.939749
3410	0.939749
3411	0.939749
3412	0.939749
3413	0.939749
3414	0.939749
3415	0.939749
3416	0.939749
3417	0.939749
3418	0.939749
3419	0.939749
3420	0.939749
3421	0.939749
3422	0.939749
3423	0.939749
3424	0.939749
3425	0.939749
3426	0.939749
3427	0.939749
3428	0.939749
3429	0.939749
3430	0.939749
3431	0.939749
3432	0.939749
3433	0.939749
3434	0.939749
3435	0.939749
3436	0.939749
3437	0.939749
3438	0.939749
3439	0.939749
3440	0.939749
3441	0.939749
3442	0.939749
3443	0.939749
3444	0.939749
3445	0.939749
3446	0.939749
3447	0.939749
3448	0.939749
3449	0.939749
3450	0.939749
3451	0.939749
3452	0.939749
3453	0.939749
3454	0.939749
3455	0.939749
3456	0.939749
3457	0.939749
3458	0.939749
3459	0.939749
3460	0.939749
3461	0.939749
3462	0.939749
3463	0.939749
3464	0.939749
3465	0.939749
3466	0.939749
3467	0.939749
3468	0.939749
3469	0.939749
3470	0.939749
3471	0.939749
3472	0.939749
3473	0.939749
3474	0.939749
3475	0.939749
3476	0.939749
3477	0.939749
3478	0.939749
3479	0.939749
3480	0.939749
3481	0.939749
3482	0.939749
3483	0.939749
3484	0.939749
3485	0.939749
3486	0.939749
3487	0.939749
3488	0.939749
3489	0.939749
3490	0.939749
3491	0.939749
3492	0.939749
3493	0.939749
3494	0.939749
3495	0.939749
3496	0.939749
3497	0.939749
3498	0.939749
3499	0.939749
3500	0.939749
3501	0.939749
3502	0.939749
3503	0.939749
3504	0.939749
3505	0.939749
3506	0.939749
3507	0.939749
3508	0.939749
3509	0.939749
3510	0.939749
3511	0.939749
3512	0.939749
3513	0.939749
3514	0.939749
3515	0.939749
3516	0.939749
3517	0.939749
3518	0.939749
3519	0.939749
3520	0.939749
3521	0.939749
3522	0.939749
3523	0.939749
3524	0.939749
3525	0.939749
3526	0.939749
3527	0.939749
3528	0.939749
3529	0.939749
3530	0.939749
3531	0.939749
3532	0.939749
3533	0.939749
3534	0.939749
3535	0.939749
3536	0.939749
3537	0.939749
3538	0.939749
3539	0.939749
3540	0.939749
3541	0.939749
3542	0.939749
3543	0.939749
3544	0.939749
3545	0.939749
3546	0.939749
3547	0.939749
3548	0.939749
3549	0.939749
3550	0.939749
3551	0.939749
3552	0.939749
3553	0.939749
3554	0.939749
3555	0.939749
3556	0.939749
3557	0.939749
3558	0.939749
3559	0.939749
3560	0.939749
3561	0.939749
3562	0.939749
3563	0.939749
3564	0.939749
3565	0.939749
3566	0.939749
3567	0.939749
3568	0.939749
3569	0.939749
3570	0.939749
3571	0.939749
3572	0.939749
3573	0.939749
3574	0.939749
3575	0.939749
3576	0.939749
3577	0.939749
3578	0.939749
3579	0.939749
3580	0.939749
3581	0.939749
3582	0.939749
3583	0.939749
3584	0.939749
3585	0.939749
3586	0.939749
3587	0.939749
3588	0.939749
3589	0.939749
3590	0.939749
3591	0.939749
3592	0.939749
3593	0.939749
3594	0.939749
3595	0.939749
3596	0.939749
3597	0.939749
3598	0.939749
3599	0.939749
3600	0.939749
3601	0.939749
3602	0.939749
3603	0.939749
3604	0.939749
3605	0.939749
3606	0.939749
3607	0.939749
3608	0.939749
3609	0.939749
3610	0.939749
3611	0.939749
3612	0.939749
3613	0.939749
3614	0.939749
3615	0.939749
3616	0.939749
3617	0.939749
3618	0.939749
3619	0.939749
3620	0.939749
3621	0.939749
3622	0.939749
3623	0.939749
3624	0.939749
3625	0.939749
3626	0.939749
3627	0.939749
3628	0.939749
3629	0.939749
3630	0.939749
3631	0.939749
3632	0.939749
3633	0.939749
3634	0.939749
3635	0.939749
3636	0.939749
3637	0.939749
3638	0.939749
3639	0.939749
3640	0.939749
3641	0.939749
3642	0.939749
3643	0.939749
3644	0.939749
3645	0.939749
3646	0.939749
3647	0.939749
3648	0.939749
3649	0.939749
3650	0.939749
3651	0.939749
3652	0.939749
3653	0.939749
3654	0.939749
3655	0.939749
3656	0.939749
3657	0.939749
3658	0.939749
3659	0.939749
3660	0.939749
3661	0.939749
3662	0.939749
3663	0.939749
3664	0.939749
3665	0.939749
3666	0.939749
3667	0.939749
3668	0.939749
3669	0.939749
3670	0.939749
3671	0.939749
3672	0.939749
3673	0.939749
3674	0.939749
3675	0.939749
3676	0.939749
3677	0.939749
3678	0.939749
3679	0.939749
3680	0.939749
3681	0.939749
3682	0.939749
3683	0.939749
3684	0.939749
3685	0.939749
3686	0.939749
3687	0.939749
3688	0.939749
3689	0.939749
3690	0.939749
3691	0.939749
3692	0.939749
3693	0.939749
3694	0.939749
3695	0.939749
3696	0.939749
3697	0.939749
3698	0.939749
3699	0.939749
3700	0.939749
3701	0.939749
3702	0.939749
3703	0.939749
3704	0.939749
3705	0.939749
3706	0.939749
3707	0.939749
3708	0.939749
3709	0.939749
3710	0.939749
3711	0.939749
3712	0.939749
3713	0.939749
3714	0.939749
3715	0.939749
3716	0.939749
3717	0.939749
3718	0.939749
3719	0.939749
3720	0.939749
3721	0.939749
3722	0.939749
3723	0.939749
3724	0.939749
3725	0.939749
3726	0.939749
3727	0.939749
3728	0.939749
3729	0.939749
3730	0.939749
3731	0.939749
3732	0.939749
3733	0.939749
3734	0.939749
3735	0.939749
3736	0.939749
3737	0.939749
3738	0.939749
3739	0.939749
3740	0.939749
3741	0.939749
3742	0.939749
3743	0.939749
3744	0.939749
3745	0.939749
3746	0.939749
3747	0.939749
3748	0.939749
3749	0.939749
3750	0.939749
3751	0.939749
3752	0.939749
3753	0.939749
3754	0.939749
3755	0.939749
3756	0.939749
3757	0.939749
3758	0.939749
3759	0.939749
3760	0.939749
3761	0.939749
3762	0.939749
3763	0.939749
3764	0.939749
3765	0.939749
3766	0.939749
3767	0.939749
3768	0.939749
3769	0.939749
3770	0.939749
3771	0.939749
3772	0.939749
3773	0.939749
3774	0.939749
3775	0.939749
3776	0.939749
3777	0.939749
3778	0.939749
3779	0.939749
3780	0.939749
3781	0.939749
3782	0.939749
3783	0.939749
3784	0.939749
3785	0.939749
3786	0.939749
3787	0.939749
3788	0.939749
3789	0.939749
3790	0.939749
3791	0.939749
3792	0.948675
3793	0.948675
3794	0.948675
3795	0.948675
3796	0.948675
3797	0.948675
3798	0.958047
3799	0.958047
3800	0.958047
3801	0.958047
3802	0.958047
3803	0.958047
3804	0.958047
3805	0.958047
3806	0.958047
3807	0.958047
3808	0.958047
3809	0.958047
3810	0.958047
3811	0.958047
3812	0.958047
3813	0.958047
3814	0.958047
3815	0.958047
3816	0.958047
3817	0.958047
3818	0.958047
3819	0.958047
3820	0.958047
3821	0.958047
3822	0.958047
3823	0.958047
3824	0.958047
3825	0.958047
3826	0.958047
3827	0.958047
3828	0.958047
3829	0.958047
3830	0.958047
3831	0.958047
3832	0.958047
3833	0.958047
3834	0.958047
3835	0.958047
3836	0.958047
3837	0.958047
3838	0.958047
3839	0.958047
3840	0.958047
3841	0.958047
3842	0.958047
3843	0.958047
3844	0.958047
3845	0.958047
3846	0.958047
3847	0.958047
3848	0.958047
3849	0.958047
3850	0.958047
3851	0.958047
3852	0.958047
3853	0.958047
3854	0.958047
3855	0.958047
3856	0.958047
3857	0.958047
3858	0.958047
3859	0.958047
3860	0.958047
3861	0.958047
3862	0.958047
3863	0.958047
3864	0.958047
3865	0.958047
3866	0.958047
3867	0.958047
3868	0.958047
3869	0.958047
3870	0.958047
3871	0.958047
3872	0.958047
3873	0.958047
3874	0.958047
3875	0.958047
3876	0.958047
3877	0.958047
3878	0.958047
3879	0.958047
3880	0.958047
3881	0.958047
3882	0.958047
3883	0.958047
3884	0.958047
3885	0.958047
3886	0.958047
3887	0.958047
3888	0.958047
3889	0.958047
3890	0.958047
3891	0.958047
3892	0.958047
3893	0.958047
3894	0.958047
3895	0.958047
3896	0.958047
3897	0.958047
3898	0.958047
3899	0.958047
3900	0.958047
3901	0.958047
3902	0.958047
3903	0.958047
3904	0.958047
3905	0.958047
3906	0.958047
3907	0.958047
3908	0.958047
3909	0.958047
3910	0.958047
3911	0.958047
3912	0.958047
3913	0.958047
3914	0.958047
3915	0.958047
3916	0.958047
3917	0.958047
3918	0.958047
3919	0.958047
3920	0.958047
3921	0.958047
3922	0.958047
3923	0.958047
3924	0.958047
3925	0.958047
3926	0.958047
3927	0.958047
3928	0.958047
3929	0.958047
3930	0.958047
3931	0.958047
3932	0.958047
3933	0.958047
3934	0.958047
3935	0.958047
3936	0.958047
3937	0.958047
3938	0.958047
3939	0.958047
3940	0.958047
3941	0.958047
3942	0.958047
3943	0.958047
3944	0.958047
3945	0.958047
3946	0.958047
3947	0.958047
3948	0.958047
3949	0.958047
3950	0.958047
3951	0.958047
3952	0.958047
3953	0.958047
3954	0.958047
3955	0.958047
3956	0.958047
3957	0.958047
3958	0.958047
3959	0.958047
3960	0.958047
3961	0.958047
3962	0.958047
3963	0.958047
3964	0.958047
3965	0.958047
3966	0.958047
3967	0.958047
3968	0.958047
3969	0.958047
3970	0.958047
3971	0.958047
3972	0.958047
3973	0.958047
3974	0.958047
3975	0.958047
3976	0.958047
3977	0.958047
3978	0.958047
3979	0.958047
3980	0.958047
3981	0.958047
3982	0.958047
3983	0.958047
3984	0.958047
3985	0.958047
3986	0.958047
3987	0.958047
3988	0.958047
3989	0.958047
3990	0.958047
3991	0.958047
3992	0.958047
3993	0.958047
3994	0.958047
3995	0.958047
3996	0.958047
3997	0.958047
3998	0.958047
3999	0.958047
4000	0.958047
4001	0.958047
4002	0.958047
4003	0.958047
4004	0.958047
4005	0.958047
4006	0.958047
4007	0.958047
4008	0.958047
4009	0.958047
4010	0.958047
4011	0.958047
4012	0.958047
4013	0.958047
4014	0.958047
4015	0.958047
4016	0.958047
4017	0.958047
4018	0.958047
4019	0.958047
4020	0.958047
4021	0.958047
4022	0.958047
4023	0.958047
4024	0.958047
4025	0.958047
4026	0.958047
4027	0.958047
4028	0.958047
4029	0.958047
4030	0.958047
4031	0.958047
4032	0.958047
4033	0.958047
4034	0.958047
4035	0.958047
4036	0.958047
4037	0.958047
4038	0.958047
4039	0.958047
4040	0.958047
4041	0.958047
4042	0.958047
4043	0.958047
4044	0.958047
4045	0.958047
4046	0.958047
4047	0.958047
4048	0.958047
4049	0.958047
4050	0.958047
4051	0.958047
4052	0.958047
4053	0.958047
4054	0.958047
4055	0.958047
4056	0.958047
4057	0.958047
4058	0.958047
4059	0.958047
4060	0.958047
4061	0.958047
4062	0.958047
4063	0.958047
4064	0.958047
4065	0.958047
4066	0.958047
4067	0.958047
4068	0.958047
4069	0.958047
4070	0.958047
4071	0.958047
4072	0.958047
4073	0.958047
4074	0.958047
4075	0.958047
4076	0.958047
4077	0.958047
4078	0.958047
4079	0.958047
4080	0.958047
4081	0.958047
4082	0.958047
4083	0.958047
4084	0.958047
4085	0.958047
4086	0.958047
4087	0.958047
4088	0.958047
4089	0.958047
4090	0.958047
4091	0.958047
4092	0.958047
4093	0.958047
4094	0.958047
4095	0.958047
4096	0.958047
4097	0.958047
4098	0.958047
4099	0.958047
4100	0.958047
4101	0.958047
4102	0.958047
4103	0.958047
4104	0.958047
4105	0.958047
4106	0.958047
4107	0.958047
4108	0.958047
4109	0.958047
4110	0.958047
4111	0.958047
4112	0.958047
4113	0.958047
4114	0.958047
4115	0.958047
4116	0.958047
4117	0.958047
4118	0.958047
4119	0.958047
4120	0.958047
4121	0.958047
4122	0.958047
4123	0.958047
4124	0.958047
4125	0.958047
4126	0.958047
4127	0.958047
4128	0.958047
4129	0.958047
4130	0.958047
4131	0.958047
4132	0.958047
4133	0.958047
4134	0.958047
4135	0.958047
4136	0.958047
4137	0.958047
4138	0.958047
4139	0.958047
4140	0.958047
4141	0.958047
4142	0.958047
4143	0.958047
4144	0.958047
4145	0.958047
4146	0.958047
4147	0.958047
4148	0.958047
4149	0.958047
4150	0.958047
4151	0.958047
4152	0.958047
4153	0.958047
4154	0.958047
4155	0.958047
4156	0.958047
4157	0.958047
4158	0.958047
4159	0.958047
4160	0.958047
4161	0.958047
4162	0.958047
4163	0.958047
4164	0.958047
4165	0.958047
4166	0.958047
4167	0.958047
4168	0.958047
4169	0.958047
4170	0.958047
4171	0.958047
4172	0.958047
4173	0.958047
4174	0.958047
4175	0.958047
4176	0.958047
4177	0.958047
4178	0.958047
4179	0.958047
4180	0.958047
4181	0.958047
4182	0.958047
4183	0.958047
4184	0.958047
4185	0.958047
4186	0.958047
4187	0.958047
4188	0.958047
4189	0.958047
4190	0.958047
4191	0.958047
4192	0.958047
4193	0.958047
4194	0.958047
4195	0.958047
4196	0.958047
4197	0.958047
4198	0.958047
4199	0.958047
4200	0.958047
4201	0.958047
4202	0.958047
4203	0.958047
4204	0.958047
4205	0.958047
4206	0.958047
4207	0.958047
4208	0.958047
4209	0.958047
4210	0.958047
4211	0.958047
4212	0.958047
4213	0.958047
4214	0.958047
4215	0.958047
4216	0.958047
4217	0.958047
4218	0.958047
4219	0.958047
4220	0.958047
4221	0.958047
4222	0.958047
4223	0.958047
4224	0.958047
4225	0.958047
4226	0.958047
4227	0.958047
4228	0.958047
4229	0.958047
4230	0.958047
4231	0.958047
4232	0.958047
4233	0.958047
4234	0.958047
4235	0.958047
4236	0.958047
4237	0.958047
4238	0.958047
4239	0.958047
4240	0.958047
4241	0.958047
4242	0.958047
4243	0.958047
4244	0.958047
4245	0.958047
4246	0.958047
4247	0.958047
4248	0.958047
4249	0.958047
4250	0.958047
4251	0.958047
4252	0.958047
4253	0.958047
4254	0.958047
4255	0.958047
4256	0.958047
4257	0.958047
4258	0.958047
4259	0.958047
4260	0.958047
4261	0.958047
4262	0.958047
4263	0.958047
4264	0.958047
4265	0.958047
4266	0.958047
4267	0.958047
4268	0.958047
4269	0.958047
4270	0.958047
4271	0.958047
4272	0.958047
4273	0.958047
4274	0.958047
4275	0.958047
4276	0.958047
4277	0.958047
4278	0.958047
4279	0.958047
4280	0.958047
4281	0.958047
4282	0.958047
4283	0.958047
4284	0.958047
4285	0.958047
4286	0.958047
4287	0.958047
4288	0.958047
4289	0.958047
4290	0.958047
4291	0.958047
4292	0.958047
4293	0.958047
4294	0.958047
4295	0.958047
4296	0.958047
4297	0.958047
4298	0.958047
4299	0.958047
4300	0.958047
4301	0.958047
4302	0.958047
4303	0.958047
4304	0.958047
4305	0.958047
4306	0.958047
4307	0.958047
4308	0.958047
4309	0.958047
4310	0.958047
4311	0.958047
4312	0.958047
4313	0.958047
4314	0.958047
4315	0.958047
4316	0.958047
4317	0.958047
4318	0.958047
4319	0.958047
4320	0.958047
4321	0.958047
4322	0.958047
4323	0.958047
4324	0.958047
4325	0.958047
4326	0.958047
4327	0.958047
4328	0.958047
4329	0.958047
4330	0.958047
4331	0.958047
4332	0.958047
4333	0.958047
4334	0.958047
4335	0.958047
4336	0.958047
4337	0.958047
4338	0.958047
4339	0.958047
4340	0.958047
4341	0.958047
4342	0.958047
4343	0.958047
4344	0.958047
4345	0.958047
4346	0.958047
4347	0.958047
4348	0.958047
4349	0.958047
4350	0.958047
4351	0.958047
4352	0.958047
4353	0.958047
4354	0.958047
4355	0.958047
4356	0.958047
4357	0.958047
4358	0.958047
4359	0.958047
4360	0.958047
4361	0.958047
4362	0.958047
4363	0.958047
4364	0.958047
4365	0.958047
4366	0.958047
4367	0.958047
4368	0.958047
4369	0.958047
4370	0.958047
4371	0.958047
4372	0.958047
4373	0.958047
4374	0.958047
4375	0.958047
4376	0.958047
4377	0.958047
4378	0.958047
4379	0.958047
4380	0.958047
4381	0.958047
4382	0.958047
4383	0.958047
4384	0.958047
4385	0.958047
4386	0.958047
4387	0.958047
4388	0.958047
4389	0.958047
4390	0.958047
4391	0.958047
4392	0.958047
4393	0.958047
4394	0.958047
4395	0.958047
4396	0.958047
4397	0.958047
4398	0.958047
4399	0.958047
4400	0.958047
4401	0.958047
4402	0.958047
4403	0.958047
4404	0.958047
4405	0.958047
4406	0.958047
4407	0.958047
4408	0.958047
4409	0.958047
4410	0.958047
4411	0.958047
4412	0.958047
4413	0.958047
4414	0.958047
4415	0.958047
4416	0.958047
4417	0.958047
4418	0.958047
4419	0.958047
4420	0.958047
4421	0.958047
4422	0.958047
4423	0.958047
4424	0.958047
4425	0.958047
4426	0.958047
4427	0.958047
4428	0.958047
4429	0.958047
4430	0.958047
4431	0.958047
4432	0.958047
4433	0.958047
4434	0.958047
4435	0.958047
4436	0.958047
4437	0.958047
4438	0.958047
4439	0.958047
4440	0.958047
4441	0.958047
4442	0.958047
4443	0.958047
4444	0.958047
4445	0.958047
4446	0.958047
4447	0.958047
4448	0.958047
4449	0.958047
4450	0.958047
4451	0.958047
4452	0.958047
4453	0.958047
4454	0.958047
4455	0.958047
4456	0.958047
4457	0.958047
4458	0.958047
4459	0.958047
4460	0.958047
4461	0.958047
4462	0.958047
4463	0.958047
4464	0.958047
4465	0.958047
4466	0.958047
4467	0.958047
4468	0.958047
4469	0.958047
4470	0.958047
4471	0.958047
4472	0.958047
4473	0.958047
4474	0.958047
4475	0.958047
4476	0.958047
4477	0.958047
4478	0.958047
4479	0.958047
4480	0.958047
4481	0.958047
4482	0.958047
4483	0.958047
4484	0.958047
4485	0.958047
4486	0.958047
4487	0.958047
4488	0.958047
4489	0.958047
4490	0.958047
4491	0.958047
4492	0.958047
4493	0.958047
4494	0.958047
4495	0.958047
4496	0.958047
4497	0.958047
4498	0.958047
4499	0.958047
4500	0.958047
4501	0.958047
4502	0.958047
4503	0.958047
4504	0.958047
4505	0.958047
4506	0.958047
4507	0.958047
4508	0.958047
4509	0.958047
4510	0.958047
4511	0.958047
4512	0.958047
4513	0.958047
4514	0.958047
4515	0.958047
4516	0.958047
4517	0.958047
4518	0.958047
4519	0.958047
4520	0.958047
4521	0.958047
4522	0.958047
4523	0.958047
4524	0.958047
4525	0.958047
4526	0.958047
4527	0.958047
4528	0.958047
4529	0.958047
4530	0.958047
4531	0.958047
4532	0.958047
4533	0.958047
4534	0.958047
4535	0.958047
4536	0.958047
4537	0.958047
4538	0.958047
4539	0.958047
4540	0.958047
4541	0.958047
4542	0.958047
4543	0.958047
4544	0.958047
4545	0.958047
4546	0.958047
4547	0.958047
4548	0.958047
4549	0.958047
4550	0.958047
4551	0.958047
4552	0.958047
4553	0.958047
4554	0.958047
4555	0.958047
4556	0.958047
4557	0.958047
4558	0.958047
4559	0.958047
4560	0.958047
4561	0.958047
4562	0.958047
4563	0.958047
4564	0.958047
4565	0.958047
4566	0.958047
4567	0.958047
4568	0.958047
4569	0.958047
4570	0.958047
4571	0.958047
4572	0.958047
4573	0.958047
4574	0.958047
4575	0.958047
4576	0.958047
4577	0.958047
4578	0.958047
4579	0.958047
4580	0.958047
4581	0.958047
4582	0.958047
4583	0.958047
4584	0.958047
4585	0.958047
4586	0.958047
4587	0.958047
4588	0.958047
4589	0.958047
4590	0.958047
4591	0.958047
4592	0.958047
4593	0.958047
4594	0.958047
4595	0.958047
4596	0.958047
4597	0.958047
4598	0.958047
4599	0.958047
4600	0.958047
4601	0.958047
4602	0.958047
4603	0.958047
4604	0.958047
4605	0.958047
4606	0.958047
4607	0.958047
4608	0.958047
4609	0.958047
4610	0.958047
4611	0.958047
4612	0.958047
4613	0.958047
4614	0.958047
4615	0.958047
4616	0.958047
4617	0.958047
4618	0.958047
4619	0.958047
4620	0.958047
4621	0.958047
4622	0.958047
4623	0.958047
4624	0.958047
4625	0.958047
4626	0.958047
4627	0.958047
4628	0.958047
4629	0.958047
4630	0.958047
4631	0.958047
4632	0.958047
4633	0.958047
4634	0.958047
4635	0.958047
4636	0.958047
4637	0.958047
4638	0.958047
4639	0.958047
4640	0.958047
4641	0.958047
4642	0.958047
4643	0.958047
4644	0.958047
4645	0.958047
4646	0.958047
4647	0.958047
4648	0.958047
4649	0.958047
4650	0.958047
4651	0.958047
4652	0.958047
4653	0.958047
4654	0.958047
4655	0.958047
4656	0.958047
4657	0.958047
4658	0.958047
4659	0.958047
4660	0.958047
4661	0.958047
4662	0.958047
4663	0.958047
4664	0.958047
4665	0.958047
4666	0.958047
4667	0.958047
4668	0.958047
4669	0.958047
4670	0.958047
4671	0.958047
4672	0.958047
4673	0.958047
4674	0.958047
4675	0.958047
4676	0.958047
4677	0.958047
4678	0.958047
4679	0.958047
4680	0.958047
4681	0.958047
4682	0.958047
4683	0.958047
4684	0.958047
4685	0.958047
4686	0.958047
4687	0.958047
4688	0.958047
4689	0.958047
4690	0.958047
4691	0.958047
4692	0.958047
4693	0.958047
4694	0.958047
4695	0.958047
4696	0.958047
4697	0.958047
4698	0.958047
4699	0.958047
4700	0.958047
4701	0.958047
4702	0.958047
4703	0.958047
4704	0.958047
4705	0.958047
4706	0.958047
4707	0.958047
4708	0.958047
4709	0.958047
4710	0.958047
4711	0.958047
4712	0.958047
4713	0.958047
4714	0.958047
4715	0.958047
4716	0.958047
4717	0.958047
4718	0.958047
4719	0.958047
4720	0.958047
4721	0.958047
4722	0.958047
4723	0.958047
4724	0.958047
4725	0.958047
4726	0.958047
4727	0.958047
4728	0.958047
4729	0.958047
4730	0.958047
4731	0.958047
4732	0.958047
4733	0.958047
4734	0.958047
4735	0.958047
4736	0.958047
4737	0.958047
4738	0.958047
4739	0.958047
4740	0.958047
4741	0.958047
4742	0.958047
4743	0.958047
4744	0.958047
4745	1
## No. organisms: 20
## Seeds        : 1475308737, 92934
## Runtime      : 0h 56m 43s.
## Started at   : Mon Oct 21 01:18:57 2019
## Ended at     : Mon Oct 21 02:15:40 2019
