1	0.491201
2	0.491201
3	0.491201
4	0.499497
5	0.505489
6	0.517737
7	0.530433
8	0.553282
9	0.565265
10	0.579092
11	0.594078
12	0.594078
13	0.594078
14	0.594078
15	0.594078
16	0.594078
17	0.594078
18	0.594078
19	0.594078
20	0.594078
21	0.60514
22	0.60514
23	0.60514
24	0.60514
25	0.60514
26	0.621271
27	0.621271
28	0.621271
29	0.623115
30	0.623115
31	0.657682
32	0.657682
33	0.657682
34	0.671508
35	0.673687
36	0.673687
37	0.673687
38	0.673687
39	0.673687
40	0.673687
41	0.673687
42	0.673687
43	0.673687
44	0.673687
45	0.673687
46	0.673687
47	0.673687
48	0.673687
49	0.673687
50	0.673687
51	0.673687
52	0.673687
53	0.673687
54	0.673687
55	0.673687
56	0.673687
57	0.673687
58	0.677081
59	0.677081
60	0.677081
61	0.677081
62	0.677081
63	0.677081
64	0.677081
65	0.677081
66	0.68169
67	0.71257
68	0.71257
69	0.71257
70	0.71257
71	0.71257
72	0.71257
73	0.71257
74	0.713031
75	0.744372
76	0.744372
77	0.745293
78	0.745293
79	0.753422
80	0.796746
81	0.796746
82	0.796746
83	0.797207
84	0.806885
85	0.806885
86	0.806885
87	0.806885
88	0.806885
89	0.806885
90	0.817025
91	0.817025
92	0.817025
93	0.817025
94	0.817025
95	0.817025
96	0.817025
97	0.817025
98	0.817025
99	0.817025
100	0.817025
101	0.817025
102	0.817947
103	0.817947
104	0.817947
105	0.817947
106	0.817947
107	0.817947
108	0.817947
109	0.817947
110	0.817947
111	0.817947
112	0.817947
113	0.817947
114	0.817947
115	0.817947
116	0.817947
117	0.817947
118	0.817947
119	0.817947
120	0.817947
121	0.817947
122	0.817947
123	0.817947
124	0.817947
125	0.817947
126	0.817947
127	0.817947
128	0.817947
129	0.817947
130	0.817947
131	0.817947
132	0.817947
133	0.817947
134	0.817947
135	0.817947
136	0.817947
137	0.817947
138	0.817947
139	0.817947
140	0.817947
141	0.817947
142	0.817947
143	0.817947
144	0.817947
145	0.817947
146	0.817947
147	0.817947
148	0.823939
149	0.823939
150	0.831313
151	0.831313
152	0.831313
153	0.831313
154	0.836844
155	0.836844
156	0.836844
157	0.838226
158	0.838226
159	0.838226
160	0.838226
161	0.838226
162	0.838226
163	0.838226
164	0.838226
165	0.838226
166	0.838226
167	0.838226
168	0.838226
169	0.838226
170	0.838226
171	0.838226
172	0.838226
173	0.838226
174	0.838226
175	0.838226
176	0.838226
177	0.838226
178	0.838226
179	0.885237
180	0.885237
181	0.885237
182	0.885237
183	0.885237
184	0.885237
185	0.899525
186	0.899525
187	0.899525
188	0.899525
189	0.899525
190	0.899525
191	0.899525
192	0.899525
193	0.899525
194	0.899525
195	0.899525
196	0.899525
197	0.899525
198	0.899525
199	0.899525
200	0.899525
201	0.899525
202	0.899525
203	0.899525
204	0.899525
205	0.899525
206	0.899525
207	0.899525
208	0.899525
209	0.919804
210	0.919804
211	0.919804
212	0.919804
213	0.919804
214	0.919804
215	0.919804
216	0.919804
217	0.919804
218	0.919804
219	0.919804
220	0.919804
221	0.919804
222	0.919804
223	0.919804
224	0.919804
225	0.919804
226	0.919804
227	0.919804
228	0.919804
229	0.919804
230	0.919804
231	0.919804
232	0.919804
233	0.919804
234	0.919804
235	0.919804
236	0.919804
237	0.919804
238	0.919804
239	0.919804
240	0.919804
241	0.919804
242	0.919804
243	0.919804
244	0.919804
245	0.919804
246	0.919804
247	0.919804
248	0.919804
249	0.919804
250	0.919804
251	0.919804
252	0.919804
253	0.919804
254	0.919804
255	0.919804
256	0.919804
257	0.919804
258	0.919804
259	0.919804
260	0.919804
261	0.919804
262	0.919804
263	0.919804
264	0.919804
265	0.919804
266	0.919804
267	0.919804
268	0.919804
269	0.919804
270	0.919804
271	0.919804
272	0.919804
273	0.919804
274	0.919804
275	0.919804
276	0.919804
277	0.919804
278	0.919804
279	0.919804
280	0.919804
281	0.919804
282	0.919804
283	0.919804
284	0.919804
285	0.919804
286	0.919804
287	0.919804
288	0.919804
289	0.919804
290	0.919804
291	0.919804
292	0.919804
293	0.919804
294	0.919804
295	0.919804
296	0.919804
297	0.919804
298	0.919804
299	0.919804
300	0.919804
301	0.919804
302	0.919804
303	0.919804
304	0.919804
305	0.919804
306	0.919804
307	0.919804
308	0.919804
309	0.919804
310	0.919804
311	0.919804
312	0.919804
313	0.919804
314	0.919804
315	0.919804
316	0.919804
317	0.919804
318	0.919804
319	0.919804
320	0.919804
321	0.919804
322	0.919804
323	0.919804
324	0.919804
325	0.919804
326	0.919804
327	0.919804
328	0.919804
329	0.919804
330	0.919804
331	0.919804
332	0.919804
333	0.919804
334	0.919804
335	0.919804
336	0.919804
337	0.919804
338	0.919804
339	0.919804
340	0.919804
341	0.919804
342	0.919804
343	0.919804
344	0.919804
345	0.919804
346	0.919804
347	0.919804
348	0.919804
349	0.919804
350	0.919804
351	0.919804
352	0.919804
353	0.919804
354	0.919804
355	0.919804
356	0.919804
357	0.919804
358	0.919804
359	0.919804
360	0.919804
361	0.919804
362	0.919804
363	0.919804
364	0.919804
365	0.919804
366	0.919804
367	0.919804
368	0.919804
369	0.919804
370	0.919804
371	0.919804
372	0.919804
373	0.919804
374	0.919804
375	0.919804
376	0.919804
377	0.919804
378	0.919804
379	0.919804
380	0.919804
381	0.919804
382	0.919804
383	0.919804
384	0.919804
385	0.919804
386	0.919804
387	0.919804
388	0.919804
389	0.919804
390	0.919804
391	0.919804
392	0.919804
393	0.919804
394	0.919804
395	0.919804
396	0.919804
397	0.919804
398	0.919804
399	0.919804
400	0.919804
401	0.919804
402	0.919804
403	0.919804
404	0.919804
405	0.919804
406	0.919804
407	0.919804
408	0.919804
409	0.919804
410	0.919804
411	0.919804
412	0.919804
413	0.919804
414	0.919804
415	0.919804
416	0.919804
417	0.919804
418	0.919804
419	0.919804
420	0.919804
421	0.919804
422	0.919804
423	0.919804
424	0.919804
425	0.919804
426	0.919804
427	0.919804
428	0.919804
429	0.919804
430	0.919804
431	0.919804
432	0.919804
433	0.919804
434	0.919804
435	0.919804
436	0.919804
437	0.919804
438	0.919804
439	0.919804
440	0.919804
441	0.919804
442	0.919804
443	0.919804
444	0.919804
445	0.919804
446	0.919804
447	0.919804
448	0.919804
449	0.919804
450	0.919804
451	0.919804
452	0.919804
453	0.919804
454	0.919804
455	0.919804
456	0.919804
457	0.919804
458	0.919804
459	0.919804
460	0.919804
461	0.919804
462	0.919804
463	0.919804
464	0.919804
465	0.919804
466	0.919804
467	0.919804
468	0.919804
469	0.919804
470	0.919804
471	0.919804
472	0.919804
473	0.919804
474	0.919804
475	0.919804
476	0.919804
477	0.919804
478	0.919804
479	0.919804
480	0.919804
481	0.919804
482	0.919804
483	0.919804
484	0.919804
485	0.919804
486	0.919804
487	0.919804
488	0.919804
489	0.919804
490	0.919804
491	0.919804
492	0.919804
493	0.919804
494	0.919804
495	0.919804
496	0.919804
497	0.919804
498	0.919804
499	0.919804
500	0.919804
501	0.919804
502	0.919804
503	0.919804
504	0.919804
505	0.919804
506	0.919804
507	0.919804
508	0.919804
509	0.919804
510	0.919804
511	0.919804
512	0.919804
513	0.919804
514	0.919804
515	0.919804
516	0.919804
517	0.919804
518	0.919804
519	0.919804
520	0.919804
521	0.919804
522	0.919804
523	0.919804
524	0.919804
525	0.919804
526	0.919804
527	0.919804
528	0.919804
529	0.919804
530	0.919804
531	0.919804
532	0.919804
533	0.919804
534	0.919804
535	0.919804
536	0.919804
537	0.919804
538	0.919804
539	0.919804
540	0.919804
541	0.919804
542	0.919804
543	0.919804
544	0.919804
545	0.919804
546	0.919804
547	0.919804
548	0.919804
549	0.919804
550	0.919804
551	0.919804
552	0.919804
553	0.919804
554	0.919804
555	0.919804
556	0.919804
557	0.919804
558	0.919804
559	0.919804
560	0.919804
561	0.919804
562	0.919804
563	0.919804
564	0.919804
565	0.919804
566	0.919804
567	0.919804
568	0.919804
569	0.919804
570	0.919804
571	0.919804
572	0.919804
573	0.919804
574	0.919804
575	0.919804
576	0.919804
577	0.919804
578	0.919804
579	0.919804
580	0.919804
581	0.919804
582	0.919804
583	0.919804
584	0.919804
585	0.919804
586	0.919804
587	0.919804
588	0.919804
589	0.919804
590	0.919804
591	0.919804
592	0.919804
593	0.919804
594	0.919804
595	0.919804
596	0.919804
597	0.919804
598	0.919804
599	0.919804
600	0.919804
601	0.919804
602	0.919804
603	0.919804
604	0.919804
605	0.919804
606	0.919804
607	0.919804
608	0.919804
609	0.919804
610	0.919804
611	0.919804
612	0.919804
613	0.919804
614	0.919804
615	0.919804
616	0.919804
617	0.919804
618	0.919804
619	0.919804
620	0.919804
621	0.919804
622	0.919804
623	0.919804
624	0.919804
625	0.919804
626	0.919804
627	0.919804
628	0.919804
629	0.919804
630	0.919804
631	0.919804
632	0.919804
633	0.919804
634	0.919804
635	0.919804
636	0.919804
637	0.919804
638	0.919804
639	0.919804
640	0.919804
641	0.919804
642	0.919804
643	0.919804
644	0.919804
645	0.919804
646	0.919804
647	0.919804
648	0.919804
649	0.919804
650	0.919804
651	0.919804
652	0.919804
653	0.919804
654	0.919804
655	0.919804
656	0.919804
657	0.919804
658	0.919804
659	0.919804
660	0.919804
661	0.919804
662	0.919804
663	0.919804
664	0.919804
665	0.919804
666	0.919804
667	0.919804
668	0.919804
669	0.919804
670	0.919804
671	0.919804
672	0.919804
673	0.919804
674	0.919804
675	0.919804
676	0.919804
677	0.919804
678	0.919804
679	0.919804
680	0.919804
681	0.919804
682	0.919804
683	0.919804
684	0.919804
685	0.919804
686	0.919804
687	0.919804
688	0.919804
689	0.919804
690	0.919804
691	0.919804
692	0.919804
693	0.919804
694	0.919804
695	0.919804
696	0.919804
697	0.919804
698	0.919804
699	0.919804
700	0.919804
701	0.919804
702	0.919804
703	0.919804
704	0.919804
705	0.919804
706	0.919804
707	0.919804
708	0.919804
709	0.919804
710	0.919804
711	0.919804
712	0.919804
713	0.919804
714	0.919804
715	0.919804
716	0.919804
717	0.919804
718	0.919804
719	0.919804
720	0.919804
721	0.919804
722	0.919804
723	0.919804
724	0.919804
725	0.919804
726	0.919804
727	0.919804
728	0.919804
729	0.919804
730	0.919804
731	0.919804
732	0.919804
733	0.919804
734	0.919804
735	0.919804
736	0.919804
737	0.919804
738	0.919804
739	0.919804
740	0.919804
741	0.919804
742	0.919804
743	0.919804
744	0.919804
745	0.919804
746	0.919804
747	0.919804
748	0.919804
749	0.919804
750	0.919804
751	0.919804
752	0.919804
753	0.919804
754	0.919804
755	0.919804
756	0.919804
757	0.919804
758	0.919804
759	0.919804
760	0.919804
761	0.919804
762	0.919804
763	0.919804
764	0.919804
765	0.919804
766	0.919804
767	0.919804
768	0.919804
769	0.919804
770	0.919804
771	0.919804
772	0.919804
773	0.919804
774	0.919804
775	0.919804
776	0.919804
777	0.919804
778	0.919804
779	0.919804
780	0.919804
781	0.919804
782	0.919804
783	0.919804
784	0.919804
785	0.919804
786	0.919804
787	0.919804
788	0.919804
789	0.919804
790	0.919804
791	0.919804
792	0.919804
793	0.919804
794	0.919804
795	0.919804
796	0.919804
797	0.919804
798	0.919804
799	0.919804
800	0.919804
801	0.919804
802	0.919804
803	0.919804
804	0.919804
805	0.919804
806	0.919804
807	0.919804
808	0.919804
809	0.919804
810	0.919804
811	0.919804
812	0.919804
813	0.919804
814	0.919804
815	0.919804
816	0.919804
817	0.919804
818	0.919804
819	0.919804
820	0.919804
821	0.919804
822	0.919804
823	0.919804
824	0.919804
825	0.919804
826	0.919804
827	0.919804
828	0.919804
829	0.919804
830	0.919804
831	0.919804
832	0.919804
833	0.919804
834	0.919804
835	0.919804
836	0.919804
837	0.919804
838	0.919804
839	0.919804
840	0.919804
841	0.919804
842	0.919804
843	0.919804
844	0.919804
845	0.919804
846	0.919804
847	0.919804
848	0.919804
849	0.919804
850	0.919804
851	0.919804
852	0.919804
853	0.919804
854	0.919804
855	0.919804
856	0.919804
857	0.919804
858	0.919804
859	0.919804
860	0.919804
861	0.919804
862	0.919804
863	0.919804
864	0.919804
865	0.919804
866	0.919804
867	0.919804
868	0.919804
869	0.919804
870	0.919804
871	0.919804
872	0.919804
873	0.919804
874	0.919804
875	0.919804
876	0.919804
877	0.919804
878	0.919804
879	0.919804
880	0.919804
881	0.919804
882	0.919804
883	0.919804
884	0.919804
885	0.919804
886	0.919804
887	0.919804
888	0.919804
889	0.919804
890	0.919804
891	0.919804
892	0.919804
893	0.919804
894	0.919804
895	0.919804
896	0.919804
897	0.919804
898	0.919804
899	0.919804
900	0.919804
901	0.919804
902	0.919804
903	0.919804
904	0.919804
905	0.919804
906	0.919804
907	0.919804
908	0.919804
909	0.919804
910	0.919804
911	0.919804
912	0.919804
913	0.919804
914	0.919804
915	0.919804
916	0.919804
917	0.919804
918	0.919804
919	0.919804
920	0.919804
921	0.919804
922	0.919804
923	0.919804
924	0.919804
925	0.919804
926	0.919804
927	0.919804
928	0.919804
929	0.919804
930	0.919804
931	0.919804
932	0.919804
933	0.919804
934	0.919804
935	0.919804
936	0.919804
937	0.919804
938	0.919804
939	0.919804
940	0.919804
941	0.919804
942	0.919804
943	0.919804
944	0.919804
945	0.919804
946	0.919804
947	0.919804
948	0.919804
949	0.919804
950	0.919804
951	0.919804
952	0.919804
953	0.919804
954	0.919804
955	0.919804
956	0.919804
957	0.919804
958	0.919804
959	0.919804
960	0.919804
961	0.919804
962	0.919804
963	0.919804
964	0.919804
965	0.919804
966	0.919804
967	0.919804
968	0.919804
969	0.919804
970	0.919804
971	0.919804
972	0.919804
973	0.919804
974	0.919804
975	0.919804
976	0.919804
977	0.919804
978	0.919804
979	0.919804
980	0.919804
981	0.919804
982	0.919804
983	0.919804
984	0.919804
985	0.919804
986	0.919804
987	0.919804
988	0.919804
989	0.919804
990	0.919804
991	0.919804
992	0.919804
993	0.919804
994	0.919804
995	0.919804
996	0.919804
997	0.919804
998	0.919804
999	0.919804
1000	0.919804
1001	0.919804
1002	0.919804
1003	0.919804
1004	0.919804
1005	0.919804
1006	0.919804
1007	0.919804
1008	0.919804
1009	0.919804
1010	0.919804
1011	0.919804
1012	0.919804
1013	0.919804
1014	0.919804
1015	0.919804
1016	0.919804
1017	0.919804
1018	0.919804
1019	0.919804
1020	0.919804
1021	0.919804
1022	0.919804
1023	0.919804
1024	0.919804
1025	0.919804
1026	0.919804
1027	0.919804
1028	0.919804
1029	0.919804
1030	0.919804
1031	0.919804
1032	0.919804
1033	0.919804
1034	0.919804
1035	0.919804
1036	0.919804
1037	0.919804
1038	0.919804
1039	0.919804
1040	0.919804
1041	0.919804
1042	0.919804
1043	0.919804
1044	0.919804
1045	0.919804
1046	0.919804
1047	0.919804
1048	0.919804
1049	0.919804
1050	0.919804
1051	0.919804
1052	0.919804
1053	0.919804
1054	0.919804
1055	0.919804
1056	0.919804
1057	0.919804
1058	0.919804
1059	0.919804
1060	0.919804
1061	0.919804
1062	0.919804
1063	0.919804
1064	0.919804
1065	0.919804
1066	0.919804
1067	0.919804
1068	0.919804
1069	0.919804
1070	0.919804
1071	0.919804
1072	0.919804
1073	0.919804
1074	0.919804
1075	0.919804
1076	0.919804
1077	0.919804
1078	0.919804
1079	0.919804
1080	0.919804
1081	0.919804
1082	0.919804
1083	0.919804
1084	0.919804
1085	0.919804
1086	0.919804
1087	0.919804
1088	0.919804
1089	0.919804
1090	0.919804
1091	0.919804
1092	0.919804
1093	0.919804
1094	0.919804
1095	0.919804
1096	0.919804
1097	0.919804
1098	0.919804
1099	0.919804
1100	0.919804
1101	0.919804
1102	0.919804
1103	0.919804
1104	0.919804
1105	0.919804
1106	0.919804
1107	0.919804
1108	0.919804
1109	0.919804
1110	0.919804
1111	0.919804
1112	0.919804
1113	0.919804
1114	0.919804
1115	0.919804
1116	0.919804
1117	0.919804
1118	0.919804
1119	0.919804
1120	0.919804
1121	0.919804
1122	0.919804
1123	0.919804
1124	0.919804
1125	0.919804
1126	0.919804
1127	0.919804
1128	0.919804
1129	0.919804
1130	0.919804
1131	0.919804
1132	0.919804
1133	0.919804
1134	0.919804
1135	0.919804
1136	0.919804
1137	0.919804
1138	0.919804
1139	0.919804
1140	0.919804
1141	0.919804
1142	0.919804
1143	0.919804
1144	0.919804
1145	0.919804
1146	0.919804
1147	0.919804
1148	0.919804
1149	0.919804
1150	0.919804
1151	0.919804
1152	0.919804
1153	0.919804
1154	0.919804
1155	0.919804
1156	0.919804
1157	0.919804
1158	0.919804
1159	0.919804
1160	0.919804
1161	0.919804
1162	0.919804
1163	0.919804
1164	0.919804
1165	0.919804
1166	0.919804
1167	0.919804
1168	0.919804
1169	0.919804
1170	0.919804
1171	0.919804
1172	0.919804
1173	0.919804
1174	0.919804
1175	0.919804
1176	0.919804
1177	0.919804
1178	0.919804
1179	0.919804
1180	0.919804
1181	0.919804
1182	0.919804
1183	0.919804
1184	0.919804
1185	0.919804
1186	0.919804
1187	0.919804
1188	0.919804
1189	0.919804
1190	0.919804
1191	0.919804
1192	0.919804
1193	0.919804
1194	0.919804
1195	0.919804
1196	0.919804
1197	0.919804
1198	0.919804
1199	0.919804
1200	0.919804
1201	0.919804
1202	0.919804
1203	0.919804
1204	0.919804
1205	0.919804
1206	0.919804
1207	0.919804
1208	0.919804
1209	0.919804
1210	0.919804
1211	0.919804
1212	0.919804
1213	0.919804
1214	0.919804
1215	0.919804
1216	0.919804
1217	0.919804
1218	0.919804
1219	0.919804
1220	0.919804
1221	0.919804
1222	0.919804
1223	0.919804
1224	0.919804
1225	0.919804
1226	0.919804
1227	0.919804
1228	0.919804
1229	0.919804
1230	0.919804
1231	0.919804
1232	0.919804
1233	0.919804
1234	0.919804
1235	0.919804
1236	0.919804
1237	0.919804
1238	0.919804
1239	0.919804
1240	0.919804
1241	0.919804
1242	0.919804
1243	0.919804
1244	0.919804
1245	0.919804
1246	0.919804
1247	0.919804
1248	0.919804
1249	0.919804
1250	0.919804
1251	0.919804
1252	0.919804
1253	0.919804
1254	0.919804
1255	0.919804
1256	0.919804
1257	0.919804
1258	0.919804
1259	0.919804
1260	0.919804
1261	0.919804
1262	0.919804
1263	0.919804
1264	0.919804
1265	0.919804
1266	0.919804
1267	0.919804
1268	0.919804
1269	0.919804
1270	0.919804
1271	0.919804
1272	0.919804
1273	0.919804
1274	0.919804
1275	0.919804
1276	0.919804
1277	0.919804
1278	0.919804
1279	0.919804
1280	0.919804
1281	0.919804
1282	0.919804
1283	0.919804
1284	0.919804
1285	0.919804
1286	0.919804
1287	0.919804
1288	0.919804
1289	0.919804
1290	0.919804
1291	0.919804
1292	0.919804
1293	0.919804
1294	0.919804
1295	0.919804
1296	0.919804
1297	0.919804
1298	0.919804
1299	0.919804
1300	0.919804
1301	0.919804
1302	0.919804
1303	0.919804
1304	0.919804
1305	0.919804
1306	0.919804
1307	0.919804
1308	0.919804
1309	0.919804
1310	0.919804
1311	0.919804
1312	0.919804
1313	0.919804
1314	0.919804
1315	0.919804
1316	0.919804
1317	0.919804
1318	0.919804
1319	0.919804
1320	0.919804
1321	0.919804
1322	0.919804
1323	0.919804
1324	0.919804
1325	0.919804
1326	0.919804
1327	0.919804
1328	0.919804
1329	0.919804
1330	0.919804
1331	0.919804
1332	0.919804
1333	0.919804
1334	0.919804
1335	0.919804
1336	0.919804
1337	0.919804
1338	0.919804
1339	0.919804
1340	0.919804
1341	0.919804
1342	0.919804
1343	0.919804
1344	0.919804
1345	0.919804
1346	0.919804
1347	0.919804
1348	0.919804
1349	0.919804
1350	0.919804
1351	0.919804
1352	0.919804
1353	0.919804
1354	0.919804
1355	0.919804
1356	0.919804
1357	0.919804
1358	0.919804
1359	0.919804
1360	0.919804
1361	0.919804
1362	0.919804
1363	0.919804
1364	0.919804
1365	0.919804
1366	0.919804
1367	0.919804
1368	0.919804
1369	0.919804
1370	0.919804
1371	0.919804
1372	0.919804
1373	0.919804
1374	0.919804
1375	0.919804
1376	0.919804
1377	0.919804
1378	0.919804
1379	0.919804
1380	0.919804
1381	0.919804
1382	0.919804
1383	0.919804
1384	0.919804
1385	0.919804
1386	0.919804
1387	0.919804
1388	0.919804
1389	0.919804
1390	0.919804
1391	0.919804
1392	0.919804
1393	0.919804
1394	0.919804
1395	0.919804
1396	0.919804
1397	0.919804
1398	0.919804
1399	0.919804
1400	0.919804
1401	0.919804
1402	0.919804
1403	0.919804
1404	0.919804
1405	0.919804
1406	0.919804
1407	0.919804
1408	0.919804
1409	0.919804
1410	0.919804
1411	0.919804
1412	0.919804
1413	0.919804
1414	0.919804
1415	0.919804
1416	0.919804
1417	0.919804
1418	0.919804
1419	0.919804
1420	0.919804
1421	0.919804
1422	0.919804
1423	0.919804
1424	0.919804
1425	0.919804
1426	0.919804
1427	0.919804
1428	0.919804
1429	0.919804
1430	0.919804
1431	0.919804
1432	0.919804
1433	0.919804
1434	0.919804
1435	0.919804
1436	0.919804
1437	0.919804
1438	0.919804
1439	0.919804
1440	0.919804
1441	0.919804
1442	0.919804
1443	0.919804
1444	0.919804
1445	0.919804
1446	0.919804
1447	0.919804
1448	0.919804
1449	0.919804
1450	0.919804
1451	0.919804
1452	0.919804
1453	0.919804
1454	0.919804
1455	0.919804
1456	0.919804
1457	0.919804
1458	0.919804
1459	0.919804
1460	0.919804
1461	0.919804
1462	0.919804
1463	0.919804
1464	0.919804
1465	0.919804
1466	0.919804
1467	0.919804
1468	0.919804
1469	0.919804
1470	0.919804
1471	0.919804
1472	0.919804
1473	0.919804
1474	0.919804
1475	0.919804
1476	0.919804
1477	0.919804
1478	0.919804
1479	0.919804
1480	0.919804
1481	0.919804
1482	0.919804
1483	0.919804
1484	0.919804
1485	0.919804
1486	0.919804
1487	0.919804
1488	0.919804
1489	0.919804
1490	0.919804
1491	0.919804
1492	0.919804
1493	0.919804
1494	0.919804
1495	0.919804
1496	0.919804
1497	0.919804
1498	0.919804
1499	0.919804
1500	0.919804
1501	0.919804
1502	0.919804
1503	0.919804
1504	0.919804
1505	0.919804
1506	0.919804
1507	0.919804
1508	0.919804
1509	0.919804
1510	0.919804
1511	0.919804
1512	0.919804
1513	0.919804
1514	0.919804
1515	0.919804
1516	0.919804
1517	0.919804
1518	0.919804
1519	0.919804
1520	0.919804
1521	0.919804
1522	0.919804
1523	0.919804
1524	0.919804
1525	0.919804
1526	0.919804
1527	0.919804
1528	0.919804
1529	0.919804
1530	0.919804
1531	0.919804
1532	0.919804
1533	0.919804
1534	0.919804
1535	0.919804
1536	0.919804
1537	0.919804
1538	0.919804
1539	0.919804
1540	0.919804
1541	0.919804
1542	0.919804
1543	0.919804
1544	0.919804
1545	0.919804
1546	0.919804
1547	0.919804
1548	0.919804
1549	0.919804
1550	0.919804
1551	0.919804
1552	0.919804
1553	0.919804
1554	0.919804
1555	0.919804
1556	0.919804
1557	0.919804
1558	0.919804
1559	0.919804
1560	0.919804
1561	0.919804
1562	0.919804
1563	0.919804
1564	0.919804
1565	0.919804
1566	0.919804
1567	0.919804
1568	0.919804
1569	0.919804
1570	0.919804
1571	0.919804
1572	0.919804
1573	0.919804
1574	0.919804
1575	0.919804
1576	0.919804
1577	0.919804
1578	0.919804
1579	0.919804
1580	0.919804
1581	0.919804
1582	0.919804
1583	0.919804
1584	0.919804
1585	0.919804
1586	0.919804
1587	0.919804
1588	0.919804
1589	0.919804
1590	0.919804
1591	0.919804
1592	0.919804
1593	0.919804
1594	0.919804
1595	0.919804
1596	0.919804
1597	0.919804
1598	0.919804
1599	0.919804
1600	0.919804
1601	0.919804
1602	0.919804
1603	0.919804
1604	0.919804
1605	0.919804
1606	0.919804
1607	0.919804
1608	0.919804
1609	0.919804
1610	0.919804
1611	0.919804
1612	0.919804
1613	0.919804
1614	0.919804
1615	0.919804
1616	0.919804
1617	0.919804
1618	0.919804
1619	0.919804
1620	0.919804
1621	0.919804
1622	0.919804
1623	0.919804
1624	0.919804
1625	0.919804
1626	0.919804
1627	0.919804
1628	0.919804
1629	0.919804
1630	0.919804
1631	0.919804
1632	0.919804
1633	0.919804
1634	0.919804
1635	0.919804
1636	0.919804
1637	0.919804
1638	0.919804
1639	0.919804
1640	0.919804
1641	0.919804
1642	0.919804
1643	0.919804
1644	0.919804
1645	0.919804
1646	0.919804
1647	0.919804
1648	0.919804
1649	0.919804
1650	0.919804
1651	0.919804
1652	0.919804
1653	0.919804
1654	0.919804
1655	0.919804
1656	0.919804
1657	0.919804
1658	0.919804
1659	0.919804
1660	0.919804
1661	0.919804
1662	0.919804
1663	0.919804
1664	0.919804
1665	0.919804
1666	0.919804
1667	0.919804
1668	0.919804
1669	0.919804
1670	0.919804
1671	0.919804
1672	0.919804
1673	0.919804
1674	0.919804
1675	0.919804
1676	0.919804
1677	0.919804
1678	0.919804
1679	0.919804
1680	0.919804
1681	0.919804
1682	0.919804
1683	0.919804
1684	0.919804
1685	0.919804
1686	0.919804
1687	0.919804
1688	0.919804
1689	0.919804
1690	0.919804
1691	0.919804
1692	0.919804
1693	0.919804
1694	0.919804
1695	0.919804
1696	0.919804
1697	0.919804
1698	0.919804
1699	0.919804
1700	0.919804
1701	0.919804
1702	0.919804
1703	0.919804
1704	0.919804
1705	0.919804
1706	0.919804
1707	0.919804
1708	0.919804
1709	0.919804
1710	0.919804
1711	0.919804
1712	0.919804
1713	0.919804
1714	0.919804
1715	0.919804
1716	0.919804
1717	0.919804
1718	0.919804
1719	0.919804
1720	0.919804
1721	0.919804
1722	0.919804
1723	0.919804
1724	0.919804
1725	0.919804
1726	0.919804
1727	0.919804
1728	0.919804
1729	0.919804
1730	0.919804
1731	0.919804
1732	0.919804
1733	0.919804
1734	0.919804
1735	0.919804
1736	0.919804
1737	0.919804
1738	0.919804
1739	0.919804
1740	0.919804
1741	0.919804
1742	0.919804
1743	0.919804
1744	0.919804
1745	0.919804
1746	0.919804
1747	0.919804
1748	0.919804
1749	0.919804
1750	0.919804
1751	0.919804
1752	0.919804
1753	0.919804
1754	0.919804
1755	0.919804
1756	0.919804
1757	0.919804
1758	0.919804
1759	0.919804
1760	0.919804
1761	0.919804
1762	0.919804
1763	0.919804
1764	0.919804
1765	0.919804
1766	0.919804
1767	0.919804
1768	0.919804
1769	0.919804
1770	0.919804
1771	0.919804
1772	0.919804
1773	0.919804
1774	0.919804
1775	0.919804
1776	0.919804
1777	0.919804
1778	0.919804
1779	0.919804
1780	0.919804
1781	0.919804
1782	0.919804
1783	0.919804
1784	0.919804
1785	0.919804
1786	0.919804
1787	0.919804
1788	0.919804
1789	0.919804
1790	0.919804
1791	0.919804
1792	0.919804
1793	0.919804
1794	0.919804
1795	0.919804
1796	0.919804
1797	0.919804
1798	0.919804
1799	0.919804
1800	0.919804
1801	0.919804
1802	0.919804
1803	0.919804
1804	0.919804
1805	0.919804
1806	0.919804
1807	0.919804
1808	0.919804
1809	0.919804
1810	0.919804
1811	0.919804
1812	0.919804
1813	0.919804
1814	0.919804
1815	0.919804
1816	0.919804
1817	0.919804
1818	0.919804
1819	0.919804
1820	0.919804
1821	0.919804
1822	0.919804
1823	0.919804
1824	0.919804
1825	0.919804
1826	0.919804
1827	0.919804
1828	0.919804
1829	0.919804
1830	0.919804
1831	0.919804
1832	0.919804
1833	0.919804
1834	0.919804
1835	0.919804
1836	0.919804
1837	0.919804
1838	0.919804
1839	0.919804
1840	0.919804
1841	0.919804
1842	0.919804
1843	0.919804
1844	0.919804
1845	0.919804
1846	0.919804
1847	0.919804
1848	0.919804
1849	0.919804
1850	0.919804
1851	0.919804
1852	0.919804
1853	0.919804
1854	0.919804
1855	0.919804
1856	0.919804
1857	0.919804
1858	0.919804
1859	0.919804
1860	0.919804
1861	0.919804
1862	0.919804
1863	0.919804
1864	0.919804
1865	0.919804
1866	0.919804
1867	0.919804
1868	0.919804
1869	0.919804
1870	0.919804
1871	0.919804
1872	0.919804
1873	0.919804
1874	0.919804
1875	0.919804
1876	0.919804
1877	0.919804
1878	0.919804
1879	0.919804
1880	0.919804
1881	0.919804
1882	0.919804
1883	0.919804
1884	0.919804
1885	0.919804
1886	0.919804
1887	0.919804
1888	0.919804
1889	0.919804
1890	0.919804
1891	0.919804
1892	0.919804
1893	0.919804
1894	0.919804
1895	0.919804
1896	0.919804
1897	0.919804
1898	0.919804
1899	0.919804
1900	0.919804
1901	0.919804
1902	0.919804
1903	0.919804
1904	0.919804
1905	0.919804
1906	0.919804
1907	0.919804
1908	0.919804
1909	0.919804
1910	0.919804
1911	0.919804
1912	0.919804
1913	0.919804
1914	0.919804
1915	0.919804
1916	0.919804
1917	0.919804
1918	0.919804
1919	0.919804
1920	0.919804
1921	0.919804
1922	0.919804
1923	0.919804
1924	0.919804
1925	0.919804
1926	0.919804
1927	0.919804
1928	0.919804
1929	0.919804
1930	0.919804
1931	0.919804
1932	0.919804
1933	0.919804
1934	0.919804
1935	0.919804
1936	0.919804
1937	0.919804
1938	0.919804
1939	0.919804
1940	0.919804
1941	0.919804
1942	0.919804
1943	0.919804
1944	0.919804
1945	0.919804
1946	0.919804
1947	0.919804
1948	0.919804
1949	0.919804
1950	0.919804
1951	0.919804
1952	0.919804
1953	0.919804
1954	0.919804
1955	0.919804
1956	0.919804
1957	0.919804
1958	0.919804
1959	0.919804
1960	0.919804
1961	0.919804
1962	0.919804
1963	0.919804
1964	0.919804
1965	0.919804
1966	0.919804
1967	0.919804
1968	0.919804
1969	0.919804
1970	0.919804
1971	0.919804
1972	0.919804
1973	0.919804
1974	0.919804
1975	0.919804
1976	0.919804
1977	0.919804
1978	0.919804
1979	0.919804
1980	0.919804
1981	0.919804
1982	0.919804
1983	0.919804
1984	0.919804
1985	0.919804
1986	0.919804
1987	0.919804
1988	0.919804
1989	0.919804
1990	0.919804
1991	0.919804
1992	0.919804
1993	0.919804
1994	0.919804
1995	0.919804
1996	0.919804
1997	0.919804
1998	0.919804
1999	0.919804
2000	0.919804
2001	0.919804
2002	0.919804
2003	0.919804
2004	0.919804
2005	0.919804
2006	0.919804
2007	0.919804
2008	0.919804
2009	0.919804
2010	0.919804
2011	0.919804
2012	0.919804
2013	0.919804
2014	0.919804
2015	0.919804
2016	0.919804
2017	0.919804
2018	0.919804
2019	0.919804
2020	0.919804
2021	0.919804
2022	0.919804
2023	0.919804
2024	0.919804
2025	0.919804
2026	0.919804
2027	0.919804
2028	0.919804
2029	0.919804
2030	0.919804
2031	0.919804
2032	0.919804
2033	0.919804
2034	0.919804
2035	0.919804
2036	0.919804
2037	0.919804
2038	0.919804
2039	0.919804
2040	0.919804
2041	0.919804
2042	0.919804
2043	0.919804
2044	0.919804
2045	0.919804
2046	0.919804
2047	0.919804
2048	0.919804
2049	0.919804
2050	0.919804
2051	0.919804
2052	0.919804
2053	0.919804
2054	0.919804
2055	0.919804
2056	0.919804
2057	0.919804
2058	0.919804
2059	0.919804
2060	0.919804
2061	0.919804
2062	0.919804
2063	0.919804
2064	0.919804
2065	0.919804
2066	0.919804
2067	0.919804
2068	0.919804
2069	0.919804
2070	0.919804
2071	0.919804
2072	0.919804
2073	0.919804
2074	0.919804
2075	0.919804
2076	0.919804
2077	0.919804
2078	0.919804
2079	0.919804
2080	0.919804
2081	0.919804
2082	0.919804
2083	0.919804
2084	0.919804
2085	0.919804
2086	0.919804
2087	0.919804
2088	0.919804
2089	0.919804
2090	0.919804
2091	0.919804
2092	0.919804
2093	0.919804
2094	0.919804
2095	0.919804
2096	0.919804
2097	0.919804
2098	0.919804
2099	0.919804
2100	0.919804
2101	0.919804
2102	0.919804
2103	0.919804
2104	0.919804
2105	0.919804
2106	0.919804
2107	0.919804
2108	0.919804
2109	0.919804
2110	0.919804
2111	0.919804
2112	0.919804
2113	0.919804
2114	0.919804
2115	0.919804
2116	0.919804
2117	0.919804
2118	0.919804
2119	0.919804
2120	0.919804
2121	0.919804
2122	0.919804
2123	0.919804
2124	0.919804
2125	0.919804
2126	0.919804
2127	0.919804
2128	0.919804
2129	0.919804
2130	0.919804
2131	0.919804
2132	0.919804
2133	0.919804
2134	0.919804
2135	0.919804
2136	0.919804
2137	0.919804
2138	0.919804
2139	0.919804
2140	0.919804
2141	0.919804
2142	0.919804
2143	0.919804
2144	0.919804
2145	0.919804
2146	0.919804
2147	0.919804
2148	0.919804
2149	0.919804
2150	0.919804
2151	0.919804
2152	0.919804
2153	0.919804
2154	0.919804
2155	0.919804
2156	0.919804
2157	0.919804
2158	0.919804
2159	0.919804
2160	0.919804
2161	0.919804
2162	0.919804
2163	0.919804
2164	0.919804
2165	0.919804
2166	0.919804
2167	0.919804
2168	0.919804
2169	0.919804
2170	0.919804
2171	0.919804
2172	0.919804
2173	0.919804
2174	0.919804
2175	0.919804
2176	0.919804
2177	0.919804
2178	0.919804
2179	0.919804
2180	0.919804
2181	0.919804
2182	0.919804
2183	0.919804
2184	0.919804
2185	0.919804
2186	0.919804
2187	0.919804
2188	0.919804
2189	0.919804
2190	0.919804
2191	0.919804
2192	0.919804
2193	0.919804
2194	0.919804
2195	0.919804
2196	0.919804
2197	0.919804
2198	0.919804
2199	0.919804
2200	0.919804
2201	0.919804
2202	0.919804
2203	0.919804
2204	0.919804
2205	0.919804
2206	0.919804
2207	0.919804
2208	0.919804
2209	0.919804
2210	0.919804
2211	0.919804
2212	0.919804
2213	0.919804
2214	0.919804
2215	0.919804
2216	0.919804
2217	0.919804
2218	0.919804
2219	0.919804
2220	0.919804
2221	0.919804
2222	0.919804
2223	0.919804
2224	0.919804
2225	0.919804
2226	0.919804
2227	0.919804
2228	0.919804
2229	0.919804
2230	0.919804
2231	0.919804
2232	0.919804
2233	0.919804
2234	0.919804
2235	0.919804
2236	0.919804
2237	0.919804
2238	0.919804
2239	0.919804
2240	0.919804
2241	0.919804
2242	0.919804
2243	0.919804
2244	0.919804
2245	0.919804
2246	0.919804
2247	0.919804
2248	0.919804
2249	0.919804
2250	0.919804
2251	0.919804
2252	0.919804
2253	0.919804
2254	0.919804
2255	0.919804
2256	0.919804
2257	0.919804
2258	0.919804
2259	0.919804
2260	0.919804
2261	0.919804
2262	0.919804
2263	0.919804
2264	0.919804
2265	0.919804
2266	0.919804
2267	0.919804
2268	0.919804
2269	0.919804
2270	0.919804
2271	0.919804
2272	0.919804
2273	0.919804
2274	0.919804
2275	0.919804
2276	0.919804
2277	0.919804
2278	0.919804
2279	0.919804
2280	0.919804
2281	0.919804
2282	0.919804
2283	0.919804
2284	0.919804
2285	0.919804
2286	0.919804
2287	0.919804
2288	0.919804
2289	0.919804
2290	0.919804
2291	0.919804
2292	0.919804
2293	0.919804
2294	0.919804
2295	0.919804
2296	0.919804
2297	0.919804
2298	0.919804
2299	0.919804
2300	0.919804
2301	0.919804
2302	0.919804
2303	0.919804
2304	0.919804
2305	0.919804
2306	0.919804
2307	0.919804
2308	0.919804
2309	0.919804
2310	0.919804
2311	0.919804
2312	0.919804
2313	0.919804
2314	0.919804
2315	0.919804
2316	0.919804
2317	0.919804
2318	0.919804
2319	0.919804
2320	0.919804
2321	0.919804
2322	0.919804
2323	0.919804
2324	0.919804
2325	0.919804
2326	0.919804
2327	0.919804
2328	0.919804
2329	0.919804
2330	0.919804
2331	0.919804
2332	0.919804
2333	0.919804
2334	0.919804
2335	0.919804
2336	0.919804
2337	0.919804
2338	0.919804
2339	0.919804
2340	0.919804
2341	0.919804
2342	0.919804
2343	0.919804
2344	0.919804
2345	0.919804
2346	0.919804
2347	0.919804
2348	0.919804
2349	0.919804
2350	0.919804
2351	0.919804
2352	0.919804
2353	0.919804
2354	0.919804
2355	0.919804
2356	0.919804
2357	0.919804
2358	0.919804
2359	0.919804
2360	0.919804
2361	0.919804
2362	0.919804
2363	0.919804
2364	0.919804
2365	0.919804
2366	0.919804
2367	0.919804
2368	0.919804
2369	0.919804
2370	0.919804
2371	0.919804
2372	0.919804
2373	0.919804
2374	0.919804
2375	0.919804
2376	0.919804
2377	0.919804
2378	0.919804
2379	0.919804
2380	0.919804
2381	0.919804
2382	0.919804
2383	0.919804
2384	0.919804
2385	0.919804
2386	0.919804
2387	0.919804
2388	0.919804
2389	0.919804
2390	0.919804
2391	0.919804
2392	0.919804
2393	0.919804
2394	0.919804
2395	0.919804
2396	0.919804
2397	0.919804
2398	0.919804
2399	0.919804
2400	0.919804
2401	0.919804
2402	0.919804
2403	0.919804
2404	0.919804
2405	0.919804
2406	0.919804
2407	0.919804
2408	0.919804
2409	0.919804
2410	0.919804
2411	0.919804
2412	0.919804
2413	0.919804
2414	0.919804
2415	0.919804
2416	0.919804
2417	0.919804
2418	0.919804
2419	0.919804
2420	0.919804
2421	0.919804
2422	0.919804
2423	0.919804
2424	0.919804
2425	0.919804
2426	0.919804
2427	0.919804
2428	0.919804
2429	0.919804
2430	0.919804
2431	0.919804
2432	0.919804
2433	0.919804
2434	0.919804
2435	0.919804
2436	0.919804
2437	0.919804
2438	0.919804
2439	0.919804
2440	0.919804
2441	0.919804
2442	0.919804
2443	0.919804
2444	0.919804
2445	0.919804
2446	0.919804
2447	0.919804
2448	0.919804
2449	0.919804
2450	0.919804
2451	0.919804
2452	0.919804
2453	0.919804
2454	0.919804
2455	0.919804
2456	0.919804
2457	0.919804
2458	0.919804
2459	0.919804
2460	0.919804
2461	0.919804
2462	0.919804
2463	0.919804
2464	0.919804
2465	0.919804
2466	0.919804
2467	0.919804
2468	0.919804
2469	0.919804
2470	0.919804
2471	0.919804
2472	0.919804
2473	0.919804
2474	0.919804
2475	0.919804
2476	0.92257
2477	0.92257
2478	0.92257
2479	0.92257
2480	0.92257
2481	0.92257
2482	0.92257
2483	0.92257
2484	0.92257
2485	0.92257
2486	0.92257
2487	0.92257
2488	0.92257
2489	0.92257
2490	0.92257
2491	0.92257
2492	0.92257
2493	0.92257
2494	0.92257
2495	0.92257
2496	0.92257
2497	0.92257
2498	0.92257
2499	0.92257
2500	0.92257
2501	0.92257
2502	0.92257
2503	0.92257
2504	0.92257
2505	0.92257
2506	0.92257
2507	0.92257
2508	0.92257
2509	0.92257
2510	0.92257
2511	0.92257
2512	0.92257
2513	0.92257
2514	0.92257
2515	0.92257
2516	0.92257
2517	0.92257
2518	0.92257
2519	0.92257
2520	0.92257
2521	0.92257
2522	0.92257
2523	0.92257
2524	0.92257
2525	0.92257
2526	0.92257
2527	0.92257
2528	0.92257
2529	0.92257
2530	0.92257
2531	0.92257
2532	0.92257
2533	0.92257
2534	0.92257
2535	0.92257
2536	0.92257
2537	0.92257
2538	0.92257
2539	0.92257
2540	0.92257
2541	0.92257
2542	0.92257
2543	0.92257
2544	0.92257
2545	0.92257
2546	0.92257
2547	0.92257
2548	0.92257
2549	0.92257
2550	0.92257
2551	0.92257
2552	0.92257
2553	0.92257
2554	0.92257
2555	0.92257
2556	0.92257
2557	0.92257
2558	0.92257
2559	0.92257
2560	0.92257
2561	0.92257
2562	0.92257
2563	0.92257
2564	0.92257
2565	0.92257
2566	0.92257
2567	0.92257
2568	0.92257
2569	0.92257
2570	0.92257
2571	0.92257
2572	0.92257
2573	0.92257
2574	0.92257
2575	0.92257
2576	0.92257
2577	0.92257
2578	0.92257
2579	0.92257
2580	0.92257
2581	0.92257
2582	0.92257
2583	0.92257
2584	0.92257
2585	0.92257
2586	0.92257
2587	0.92257
2588	0.92257
2589	0.92257
2590	0.92257
2591	0.92257
2592	0.92257
2593	0.92257
2594	0.92257
2595	0.92257
2596	0.92257
2597	0.92257
2598	0.92257
2599	0.92257
2600	0.92257
2601	0.92257
2602	0.92257
2603	0.92257
2604	0.92257
2605	0.92257
2606	0.92257
2607	0.92257
2608	0.92257
2609	0.92257
2610	0.92257
2611	0.92257
2612	0.92257
2613	0.92257
2614	0.92257
2615	0.92257
2616	0.92257
2617	0.92257
2618	0.92257
2619	0.92257
2620	0.92257
2621	0.92257
2622	0.92257
2623	0.92257
2624	0.92257
2625	0.92257
2626	0.92257
2627	0.92257
2628	0.92257
2629	0.92257
2630	0.92257
2631	0.92257
2632	0.92257
2633	0.92257
2634	0.92257
2635	0.92257
2636	0.92257
2637	0.92257
2638	0.92257
2639	0.92257
2640	0.92257
2641	0.92257
2642	0.92257
2643	0.92257
2644	0.92257
2645	0.92257
2646	0.92257
2647	0.92257
2648	0.92257
2649	0.92257
2650	0.92257
2651	0.92257
2652	0.92257
2653	0.92257
2654	0.92257
2655	0.92257
2656	0.92257
2657	0.92257
2658	0.92257
2659	0.92257
2660	0.92257
2661	0.92257
2662	0.92257
2663	0.92257
2664	0.92257
2665	0.92257
2666	0.92257
2667	0.92257
2668	0.92257
2669	0.92257
2670	0.92257
2671	0.92257
2672	0.92257
2673	0.92257
2674	0.92257
2675	0.92257
2676	0.92257
2677	0.92257
2678	0.92257
2679	0.92257
2680	0.92257
2681	0.92257
2682	0.92257
2683	0.92257
2684	0.92257
2685	0.92257
2686	0.92257
2687	0.92257
2688	0.92257
2689	0.92257
2690	0.92257
2691	0.92257
2692	0.92257
2693	0.92257
2694	0.92257
2695	0.92257
2696	0.92257
2697	0.92257
2698	0.92257
2699	0.92257
2700	0.92257
2701	0.92257
2702	0.92257
2703	0.92257
2704	0.92257
2705	0.92257
2706	0.92257
2707	0.92257
2708	0.92257
2709	0.92257
2710	0.92257
2711	0.92257
2712	0.92257
2713	0.92257
2714	0.92257
2715	0.92257
2716	0.92257
2717	0.92257
2718	0.92257
2719	0.92257
2720	0.92257
2721	0.92257
2722	0.92257
2723	0.92257
2724	0.92257
2725	0.92257
2726	0.92257
2727	0.92257
2728	0.92257
2729	0.92257
2730	0.92257
2731	0.92257
2732	0.92257
2733	0.92257
2734	0.92257
2735	0.92257
2736	0.92257
2737	0.92257
2738	0.92257
2739	0.92257
2740	0.92257
2741	0.92257
2742	0.92257
2743	0.92257
2744	0.92257
2745	0.92257
2746	0.92257
2747	0.92257
2748	0.92257
2749	0.92257
2750	0.92257
2751	0.92257
2752	0.92257
2753	0.92257
2754	0.92257
2755	0.92257
2756	0.92257
2757	0.92257
2758	0.92257
2759	0.92257
2760	0.92257
2761	0.92257
2762	0.92257
2763	0.92257
2764	0.92257
2765	0.92257
2766	0.92257
2767	0.92257
2768	0.92257
2769	0.92257
2770	0.92257
2771	0.92257
2772	0.92257
2773	0.92257
2774	0.92257
2775	0.92257
2776	0.92257
2777	0.92257
2778	0.92257
2779	0.92257
2780	0.92257
2781	0.92257
2782	0.92257
2783	0.92257
2784	0.92257
2785	0.92257
2786	0.92257
2787	0.92257
2788	0.92257
2789	0.92257
2790	0.92257
2791	0.92257
2792	0.92257
2793	0.92257
2794	0.92257
2795	0.92257
2796	0.92257
2797	0.92257
2798	0.92257
2799	0.92257
2800	0.92257
2801	0.92257
2802	0.92257
2803	0.92257
2804	0.92257
2805	0.92257
2806	0.92257
2807	0.92257
2808	0.92257
2809	0.92257
2810	0.92257
2811	0.92257
2812	0.92257
2813	0.92257
2814	0.92257
2815	0.92257
2816	0.92257
2817	0.92257
2818	0.92257
2819	0.92257
2820	0.92257
2821	0.92257
2822	0.92257
2823	0.92257
2824	0.92257
2825	0.92257
2826	0.92257
2827	0.92257
2828	0.92257
2829	0.92257
2830	0.92257
2831	0.92257
2832	0.92257
2833	0.92257
2834	0.92257
2835	0.92257
2836	0.92257
2837	0.92257
2838	0.92257
2839	0.92257
2840	0.92257
2841	0.92257
2842	0.92257
2843	0.92257
2844	0.92257
2845	0.92257
2846	0.92257
2847	0.92257
2848	0.92257
2849	0.92257
2850	0.92257
2851	0.92257
2852	0.92257
2853	0.92257
2854	0.92257
2855	0.92257
2856	0.92257
2857	0.92257
2858	0.92257
2859	0.92257
2860	0.92257
2861	0.92257
2862	0.92257
2863	0.92257
2864	0.92257
2865	0.92257
2866	0.92257
2867	0.92257
2868	0.92257
2869	0.92257
2870	0.92257
2871	0.92257
2872	0.92257
2873	0.92257
2874	0.92257
2875	0.92257
2876	0.92257
2877	0.92257
2878	0.92257
2879	0.92257
2880	0.92257
2881	0.92257
2882	0.92257
2883	0.92257
2884	0.92257
2885	0.92257
2886	0.92257
2887	0.92257
2888	0.92257
2889	0.92257
2890	0.92257
2891	0.92257
2892	0.92257
2893	0.92257
2894	0.92257
2895	0.92257
2896	0.92257
2897	0.92257
2898	0.92257
2899	0.92257
2900	0.92257
2901	0.92257
2902	0.92257
2903	0.92257
2904	0.92257
2905	0.92257
2906	0.92257
2907	0.92257
2908	0.92257
2909	0.92257
2910	0.92257
2911	0.92257
2912	0.92257
2913	0.92257
2914	0.92257
2915	0.92257
2916	0.92257
2917	0.92257
2918	0.92257
2919	0.92257
2920	0.92257
2921	0.92257
2922	0.92257
2923	0.92257
2924	0.92257
2925	0.92257
2926	0.92257
2927	0.92257
2928	0.92257
2929	0.92257
2930	0.92257
2931	0.92257
2932	0.92257
2933	0.92257
2934	0.92257
2935	0.92257
2936	0.92257
2937	0.92257
2938	0.92257
2939	0.92257
2940	0.92257
2941	0.92257
2942	0.92257
2943	0.92257
2944	0.92257
2945	0.92257
2946	0.92257
2947	0.92257
2948	0.92257
2949	0.92257
2950	0.92257
2951	0.92257
2952	0.92257
2953	0.92257
2954	0.92257
2955	0.92257
2956	0.92257
2957	0.92257
2958	0.92257
2959	0.92257
2960	0.92257
2961	0.92257
2962	0.92257
2963	0.92257
2964	0.92257
2965	0.92257
2966	0.92257
2967	0.92257
2968	0.92257
2969	0.92257
2970	0.92257
2971	0.92257
2972	0.92257
2973	0.92257
2974	0.92257
2975	0.92257
2976	0.92257
2977	0.92257
2978	0.92257
2979	0.92257
2980	0.92257
2981	0.92257
2982	0.92257
2983	0.92257
2984	0.92257
2985	0.92257
2986	0.92257
2987	0.92257
2988	0.92257
2989	0.92257
2990	0.92257
2991	0.92257
2992	0.92257
2993	0.92257
2994	0.92257
2995	0.92257
2996	0.92257
2997	0.92257
2998	0.92257
2999	0.92257
3000	0.92257
3001	0.92257
3002	0.92257
3003	0.92257
3004	0.92257
3005	0.92257
3006	0.92257
3007	0.92257
3008	0.92257
3009	0.92257
3010	0.92257
3011	0.92257
3012	0.92257
3013	0.92257
3014	0.92257
3015	0.92257
3016	0.92257
3017	0.92257
3018	0.92257
3019	0.92257
3020	0.92257
3021	0.92257
3022	0.92257
3023	0.92257
3024	0.92257
3025	0.92257
3026	0.92257
3027	0.92257
3028	0.92257
3029	0.92257
3030	0.92257
3031	0.92257
3032	0.92257
3033	0.92257
3034	0.92257
3035	0.92257
3036	0.92257
3037	0.92257
3038	0.92257
3039	0.92257
3040	0.92257
3041	0.92257
3042	0.92257
3043	0.92257
3044	0.92257
3045	0.92257
3046	0.92257
3047	0.92257
3048	0.92257
3049	0.92257
3050	0.92257
3051	0.92257
3052	0.92257
3053	0.92257
3054	0.92257
3055	0.92257
3056	0.92257
3057	0.92257
3058	0.92257
3059	0.92257
3060	0.92257
3061	0.92257
3062	0.92257
3063	0.92257
3064	0.92257
3065	0.92257
3066	0.92257
3067	0.92257
3068	0.92257
3069	0.92257
3070	0.92257
3071	0.92257
3072	0.92257
3073	0.92257
3074	0.92257
3075	0.92257
3076	0.92257
3077	0.92257
3078	0.92257
3079	0.92257
3080	0.92257
3081	0.92257
3082	0.92257
3083	0.92257
3084	0.92257
3085	0.92257
3086	0.92257
3087	0.92257
3088	0.92257
3089	0.92257
3090	0.92257
3091	0.92257
3092	0.92257
3093	0.92257
3094	0.92257
3095	0.92257
3096	0.92257
3097	0.92257
3098	0.92257
3099	0.92257
3100	0.92257
3101	0.92257
3102	0.92257
3103	0.92257
3104	0.92257
3105	0.92257
3106	0.92257
3107	0.92257
3108	0.92257
3109	0.92257
3110	0.92257
3111	0.92257
3112	0.92257
3113	0.92257
3114	0.92257
3115	0.92257
3116	0.92257
3117	0.92257
3118	0.92257
3119	0.92257
3120	0.92257
3121	0.92257
3122	0.92257
3123	0.92257
3124	0.92257
3125	0.92257
3126	0.92257
3127	0.92257
3128	0.92257
3129	0.92257
3130	0.92257
3131	0.92257
3132	0.92257
3133	0.92257
3134	0.92257
3135	0.92257
3136	0.92257
3137	0.92257
3138	0.92257
3139	0.92257
3140	0.92257
3141	0.92257
3142	0.92257
3143	0.92257
3144	0.92257
3145	0.92257
3146	0.92257
3147	0.92257
3148	0.92257
3149	0.92257
3150	0.92257
3151	0.92257
3152	0.92257
3153	0.92257
3154	0.92257
3155	0.92257
3156	0.92257
3157	0.92257
3158	0.92257
3159	0.92257
3160	0.92257
3161	0.92257
3162	0.92257
3163	0.92257
3164	0.92257
3165	0.92257
3166	0.92257
3167	0.92257
3168	0.92257
3169	0.92257
3170	0.92257
3171	0.92257
3172	0.92257
3173	0.92257
3174	0.92257
3175	0.92257
3176	0.92257
3177	0.92257
3178	0.92257
3179	0.92257
3180	0.92257
3181	0.92257
3182	0.92257
3183	0.92257
3184	0.92257
3185	0.92257
3186	0.92257
3187	0.92257
3188	0.924413
3189	0.924413
3190	0.924413
3191	0.924413
3192	0.924413
3193	0.924413
3194	0.964511
3195	0.964511
3196	0.964511
3197	0.964511
3198	0.964511
3199	0.964511
3200	0.964511
3201	0.964511
3202	0.964511
3203	0.964511
3204	0.964511
3205	0.964511
3206	0.964511
3207	0.964511
3208	0.964511
3209	0.964511
3210	0.964511
3211	0.964511
3212	0.964511
3213	0.964511
3214	0.964511
3215	0.964511
3216	0.964511
3217	0.964511
3218	0.964511
3219	0.964511
3220	0.964511
3221	0.964511
3222	0.964511
3223	0.964511
3224	0.964511
3225	0.964511
3226	0.964511
3227	0.964511
3228	0.964511
3229	0.964511
3230	0.964511
3231	0.964511
3232	0.964511
3233	0.964511
3234	0.964511
3235	0.964511
3236	0.964511
3237	0.964511
3238	0.964511
3239	0.964511
3240	0.964511
3241	0.964511
3242	0.964511
3243	0.964511
3244	0.964511
3245	0.964511
3246	0.964511
3247	0.964511
3248	0.964511
3249	0.964511
3250	0.964511
3251	0.964511
3252	0.964511
3253	0.964511
3254	0.964511
3255	0.964511
3256	0.964511
3257	0.964511
3258	0.964511
3259	0.964511
3260	0.964511
3261	0.964511
3262	0.964511
3263	0.964511
3264	0.964511
3265	0.964511
3266	0.964511
3267	0.964511
3268	0.964511
3269	0.964511
3270	0.964511
3271	0.964511
3272	0.964511
3273	0.964511
3274	0.964511
3275	0.964511
3276	0.964511
3277	0.964511
3278	0.964511
3279	0.964511
3280	0.964511
3281	0.964511
3282	0.964511
3283	0.964511
3284	0.964511
3285	0.964511
3286	0.964511
3287	0.964511
3288	0.964511
3289	0.964511
3290	0.964511
3291	0.964511
3292	0.964511
3293	0.964511
3294	0.964511
3295	0.964511
3296	0.964511
3297	0.964511
3298	0.964511
3299	0.964511
3300	0.964511
3301	0.964511
3302	0.964511
3303	0.964511
3304	0.964511
3305	0.964511
3306	0.964511
3307	0.964511
3308	0.964511
3309	0.964511
3310	0.964511
3311	0.964511
3312	0.964511
3313	0.964511
3314	0.964511
3315	0.964511
3316	0.964511
3317	0.964511
3318	0.964511
3319	0.964511
3320	0.964511
3321	0.964511
3322	0.964511
3323	0.964511
3324	0.964511
3325	0.964511
3326	0.964511
3327	0.964511
3328	0.964511
3329	0.964511
3330	0.964511
3331	0.964511
3332	0.964511
3333	0.964511
3334	0.964511
3335	0.964511
3336	0.964511
3337	0.964511
3338	0.964511
3339	0.964511
3340	0.964511
3341	0.964511
3342	0.964511
3343	0.964511
3344	0.964511
3345	0.964511
3346	0.964511
3347	0.964511
3348	0.964511
3349	0.964511
3350	0.964511
3351	0.964511
3352	0.964511
3353	0.964511
3354	0.964511
3355	0.964511
3356	0.964511
3357	0.964511
3358	0.964511
3359	0.964511
3360	0.964511
3361	0.964511
3362	0.964511
3363	0.964511
3364	0.964511
3365	0.964511
3366	0.964511
3367	0.964511
3368	0.964511
3369	0.964511
3370	0.964511
3371	0.964511
3372	0.964511
3373	0.964511
3374	0.964511
3375	0.964511
3376	0.964511
3377	0.964511
3378	0.964511
3379	0.964511
3380	0.964511
3381	0.964511
3382	0.964511
3383	0.964511
3384	0.964511
3385	0.964511
3386	0.964511
3387	0.964511
3388	0.964511
3389	0.964511
3390	0.964511
3391	0.964511
3392	0.964511
3393	0.964511
3394	0.964511
3395	0.964511
3396	0.964511
3397	0.964511
3398	0.964511
3399	0.964511
3400	0.964511
3401	0.964511
3402	0.964511
3403	0.964511
3404	0.964511
3405	0.964511
3406	0.964511
3407	0.964511
3408	0.964511
3409	0.964511
3410	0.964511
3411	0.964511
3412	0.964511
3413	0.964511
3414	0.964511
3415	0.964511
3416	0.964511
3417	0.964511
3418	0.964511
3419	0.964511
3420	0.964511
3421	0.964511
3422	0.964511
3423	0.964511
3424	0.964511
3425	0.964511
3426	0.964511
3427	0.964511
3428	0.964511
3429	0.964511
3430	0.964511
3431	0.964511
3432	0.964511
3433	0.964511
3434	0.964511
3435	0.964511
3436	0.964511
3437	0.964511
3438	0.964511
3439	0.964511
3440	0.964511
3441	0.964511
3442	0.964511
3443	0.964511
3444	0.964511
3445	0.964511
3446	0.964511
3447	0.964511
3448	0.964511
3449	0.964511
3450	0.964511
3451	0.964511
3452	0.964511
3453	0.964511
3454	0.964511
3455	0.964511
3456	0.964511
3457	0.964511
3458	0.964511
3459	0.964511
3460	0.964511
3461	0.964511
3462	0.964511
3463	0.964511
3464	0.964511
3465	0.964511
3466	0.964511
3467	0.964511
3468	0.964511
3469	0.964511
3470	0.964511
3471	0.964511
3472	0.964511
3473	0.964511
3474	0.964511
3475	0.964511
3476	0.964511
3477	0.964511
3478	0.964511
3479	0.964511
3480	0.964511
3481	0.964511
3482	0.964511
3483	0.964511
3484	0.964511
3485	0.964511
3486	0.964511
3487	0.964511
3488	0.964511
3489	0.964511
3490	0.964511
3491	0.964511
3492	0.964511
3493	0.964511
3494	0.964511
3495	0.964511
3496	0.964511
3497	0.964511
3498	0.964511
3499	0.964511
3500	0.964511
3501	0.964511
3502	0.964511
3503	0.964511
3504	0.964511
3505	0.964511
3506	0.964511
3507	0.964511
3508	0.964511
3509	0.964511
3510	0.964511
3511	0.964511
3512	0.964511
3513	0.964511
3514	0.964511
3515	0.964511
3516	0.964511
3517	0.964511
3518	0.964511
3519	0.964511
3520	0.964511
3521	0.964511
3522	0.964511
3523	0.964511
3524	0.964511
3525	0.964511
3526	0.964511
3527	0.964511
3528	0.964511
3529	0.964511
3530	0.964511
3531	0.964511
3532	0.964511
3533	0.964511
3534	0.964511
3535	0.964511
3536	0.964511
3537	0.964511
3538	0.964511
3539	0.964511
3540	0.964511
3541	0.964511
3542	0.964511
3543	0.964511
3544	0.964511
3545	0.964511
3546	0.964511
3547	0.964511
3548	0.964511
3549	0.964511
3550	0.964511
3551	0.964511
3552	0.964511
3553	0.964511
3554	0.964511
3555	0.964511
3556	0.964511
3557	0.964511
3558	0.964511
3559	0.964511
3560	0.964511
3561	0.964511
3562	0.964511
3563	0.964511
3564	0.964511
3565	0.964511
3566	0.964511
3567	0.964511
3568	0.964511
3569	0.964511
3570	0.964511
3571	0.964511
3572	0.964511
3573	0.964511
3574	0.964511
3575	0.964511
3576	0.964511
3577	0.964511
3578	0.964511
3579	0.964511
3580	0.964511
3581	0.964511
3582	0.964511
3583	0.964511
3584	0.964511
3585	0.964511
3586	0.964511
3587	0.964511
3588	0.964511
3589	0.964511
3590	0.964511
3591	0.964511
3592	0.964511
3593	0.964511
3594	0.964511
3595	0.964511
3596	0.964511
3597	0.964511
3598	0.964511
3599	0.964511
3600	0.964511
3601	0.964511
3602	0.964511
3603	0.964511
3604	0.964511
3605	0.964511
3606	0.964511
3607	0.964511
3608	0.964511
3609	0.964511
3610	0.964511
3611	0.964511
3612	0.964511
3613	0.964511
3614	0.964511
3615	0.964511
3616	0.964511
3617	0.964511
3618	0.964511
3619	0.964511
3620	0.964511
3621	0.964511
3622	0.964511
3623	0.964511
3624	0.964511
3625	0.964511
3626	0.964511
3627	0.964511
3628	0.964511
3629	0.964511
3630	0.964511
3631	0.964511
3632	0.964511
3633	0.964511
3634	0.964511
3635	0.964511
3636	0.964511
3637	0.964511
3638	0.964511
3639	0.964511
3640	0.964511
3641	0.964511
3642	0.964511
3643	0.964511
3644	0.964511
3645	0.964511
3646	0.964511
3647	0.964511
3648	0.964511
3649	0.964511
3650	0.964511
3651	0.964511
3652	0.964511
3653	0.964511
3654	0.964511
3655	0.964511
3656	0.964511
3657	0.964511
3658	0.964511
3659	0.964511
3660	0.964511
3661	0.964511
3662	0.964511
3663	0.964511
3664	0.964511
3665	0.964511
3666	0.964511
3667	0.964511
3668	0.964511
3669	0.964511
3670	0.964511
3671	0.964511
3672	0.964511
3673	0.964511
3674	0.964511
3675	0.964511
3676	0.964511
3677	0.964511
3678	0.964511
3679	0.964511
3680	0.964511
3681	0.964511
3682	0.964511
3683	0.964511
3684	0.964511
3685	0.964511
3686	0.964511
3687	0.964511
3688	0.964511
3689	0.964511
3690	0.964511
3691	0.964511
3692	0.964511
3693	0.964511
3694	0.964511
3695	0.964511
3696	0.964511
3697	0.964511
3698	0.964511
3699	0.964511
3700	0.964511
3701	0.964511
3702	0.964511
3703	0.964511
3704	0.964511
3705	0.964511
3706	0.964511
3707	0.964511
3708	0.964511
3709	0.964511
3710	0.964511
3711	0.964511
3712	0.964511
3713	0.964511
3714	0.964511
3715	0.964511
3716	0.964511
3717	0.964511
3718	0.964511
3719	0.964511
3720	0.964511
3721	0.964511
3722	0.964511
3723	0.964511
3724	0.964511
3725	0.964511
3726	0.964511
3727	0.964511
3728	0.964511
3729	0.964511
3730	0.964511
3731	0.964511
3732	0.964511
3733	0.964511
3734	0.964511
3735	0.964511
3736	0.964511
3737	0.964511
3738	0.964511
3739	0.964511
3740	0.964511
3741	0.964511
3742	0.964511
3743	0.964511
3744	0.964511
3745	0.964511
3746	0.964511
3747	0.964511
3748	0.964511
3749	0.964511
3750	0.964511
3751	0.964511
3752	0.964511
3753	0.964511
3754	0.964511
3755	0.964511
3756	0.964511
3757	0.964511
3758	0.964511
3759	0.964511
3760	0.964511
3761	0.964511
3762	0.964511
3763	0.964511
3764	0.964511
3765	0.964511
3766	0.964511
3767	0.964511
3768	0.964511
3769	0.964511
3770	0.964511
3771	0.964511
3772	0.964511
3773	0.964511
3774	0.964511
3775	0.964511
3776	0.964511
3777	0.964511
3778	0.964511
3779	0.964511
3780	0.964511
3781	0.964511
3782	0.964511
3783	0.964511
3784	0.964511
3785	0.964511
3786	0.964511
3787	0.964511
3788	0.964511
3789	0.964511
3790	0.964511
3791	0.964511
3792	0.964511
3793	0.964511
3794	0.964511
3795	0.964511
3796	0.964511
3797	0.964511
3798	0.964511
3799	0.964511
3800	0.964511
3801	0.964511
3802	0.964511
3803	0.964511
3804	0.964511
3805	0.964511
3806	0.964511
3807	0.964511
3808	0.964511
3809	0.964511
3810	0.964511
3811	0.964511
3812	0.964511
3813	0.964511
3814	0.964511
3815	0.964511
3816	0.964511
3817	0.964511
3818	0.964511
3819	0.964511
3820	0.964511
3821	0.964511
3822	0.964511
3823	0.964511
3824	0.964511
3825	0.964511
3826	0.964511
3827	0.964511
3828	0.964511
3829	0.964511
3830	0.964511
3831	0.964511
3832	0.964511
3833	0.964511
3834	0.964511
3835	0.964511
3836	0.964511
3837	0.964511
3838	0.964511
3839	0.964511
3840	0.964511
3841	0.964511
3842	0.964511
3843	0.964511
3844	0.964511
3845	0.964511
3846	0.964511
3847	0.964511
3848	0.964511
3849	0.964511
3850	0.964511
3851	0.964511
3852	0.964511
3853	0.964511
3854	0.964511
3855	0.964511
3856	0.964511
3857	0.964511
3858	0.964511
3859	0.964511
3860	0.964511
3861	0.964511
3862	0.964511
3863	0.964511
3864	0.964511
3865	0.964511
3866	0.964511
3867	0.964511
3868	0.964511
3869	0.964511
3870	0.964511
3871	0.964511
3872	0.964511
3873	0.964511
3874	0.964511
3875	0.964511
3876	0.964511
3877	0.964511
3878	0.964511
3879	0.964511
3880	0.964511
3881	0.964511
3882	0.964511
3883	0.964511
3884	0.964511
3885	0.964511
3886	0.964511
3887	0.964511
3888	0.964511
3889	0.964511
3890	0.964511
3891	0.964511
3892	0.964511
3893	0.964511
3894	0.964511
3895	0.964511
3896	0.964511
3897	0.964511
3898	0.964511
3899	0.964511
3900	0.964511
3901	0.964511
3902	0.964511
3903	0.964511
3904	0.964511
3905	0.964511
3906	0.964511
3907	0.964511
3908	0.964511
3909	0.964511
3910	0.964511
3911	0.964511
3912	0.964511
3913	0.964511
3914	0.964511
3915	0.964511
3916	0.964511
3917	0.964511
3918	0.964511
3919	0.964511
3920	0.964511
3921	0.964511
3922	0.964511
3923	0.964511
3924	0.964511
3925	0.964511
3926	0.964511
3927	0.964511
3928	0.964511
3929	0.964511
3930	0.964511
3931	0.964511
3932	0.964511
3933	0.964511
3934	0.964511
3935	0.964511
3936	0.964511
3937	0.964511
3938	0.964511
3939	0.964511
3940	0.964511
3941	0.964511
3942	0.964511
3943	0.964511
3944	0.964511
3945	0.964511
3946	0.964511
3947	0.964511
3948	0.964511
3949	0.964511
3950	0.964511
3951	0.964511
3952	0.964511
3953	0.964511
3954	0.964511
3955	0.964511
3956	0.964511
3957	0.964511
3958	0.964511
3959	0.964511
3960	0.964511
3961	0.964511
3962	0.964511
3963	0.964511
3964	0.964511
3965	0.964511
3966	0.964511
3967	0.964511
3968	0.964511
3969	0.964511
3970	0.964511
3971	0.964511
3972	0.964511
3973	0.964511
3974	0.964511
3975	0.964511
3976	0.964511
3977	0.964511
3978	0.964511
3979	0.964511
3980	0.964511
3981	0.964511
3982	0.964511
3983	0.964511
3984	0.964511
3985	0.964511
3986	0.964511
3987	0.964511
3988	0.964511
3989	0.964511
3990	0.964511
3991	0.964511
3992	0.964511
3993	0.964511
3994	0.964511
3995	0.964511
3996	0.964511
3997	0.964511
3998	0.964511
3999	0.964511
4000	0.964511
4001	0.964511
4002	0.964511
4003	0.964511
4004	0.964511
4005	0.964511
4006	0.964511
4007	0.964511
4008	0.964511
4009	0.964511
4010	0.964511
4011	0.964511
4012	0.964511
4013	0.964511
4014	0.964511
4015	0.964511
4016	0.964511
4017	0.964511
4018	0.964511
4019	0.964511
4020	0.964511
4021	0.964511
4022	0.964511
4023	0.964511
4024	0.964511
4025	0.964511
4026	0.964511
4027	0.964511
4028	0.964511
4029	0.964511
4030	0.964511
4031	0.964511
4032	0.964511
4033	0.964511
4034	0.964511
4035	0.964511
4036	0.964511
4037	0.964511
4038	0.964511
4039	0.964511
4040	0.964511
4041	0.964511
4042	0.964511
4043	0.964511
4044	0.964511
4045	0.964511
4046	0.964511
4047	0.964511
4048	0.964511
4049	0.964511
4050	0.964511
4051	0.964511
4052	0.964511
4053	0.964511
4054	0.964511
4055	0.964511
4056	0.964511
4057	0.964511
4058	0.964511
4059	0.964511
4060	0.964511
4061	0.964511
4062	0.964511
4063	0.964511
4064	0.964511
4065	0.964511
4066	0.964511
4067	0.964511
4068	0.964511
4069	0.964511
4070	0.964511
4071	0.964511
4072	0.964511
4073	0.964511
4074	0.964511
4075	0.964511
4076	0.964511
4077	0.964511
4078	0.964511
4079	0.964511
4080	0.964511
4081	0.964511
4082	0.964511
4083	0.964511
4084	0.964511
4085	0.964511
4086	0.964511
4087	0.964511
4088	0.964511
4089	0.964511
4090	0.964511
4091	0.964511
4092	0.964511
4093	0.964511
4094	0.964511
4095	0.964511
4096	0.964511
4097	0.964511
4098	0.964511
4099	0.964511
4100	0.964511
4101	0.964511
4102	0.964511
4103	0.964511
4104	0.964511
4105	0.964511
4106	0.964511
4107	0.964511
4108	0.964511
4109	0.964511
4110	0.964511
4111	0.964511
4112	0.964511
4113	0.964511
4114	0.964511
4115	0.964511
4116	0.964511
4117	0.964511
4118	0.964511
4119	0.964511
4120	0.964511
4121	0.964511
4122	0.964511
4123	0.964511
4124	0.964511
4125	0.964511
4126	0.964511
4127	0.964511
4128	0.964511
4129	0.964511
4130	0.964511
4131	0.964511
4132	0.964511
4133	0.964511
4134	0.964511
4135	0.964511
4136	0.964511
4137	0.964511
4138	0.964511
4139	0.964511
4140	0.964511
4141	0.964511
4142	0.964511
4143	0.964511
4144	0.964511
4145	0.964511
4146	0.964511
4147	0.964511
4148	0.964511
4149	0.964511
4150	0.964511
4151	0.964511
4152	0.964511
4153	0.964511
4154	0.964511
4155	0.964511
4156	0.964511
4157	0.964511
4158	0.964511
4159	0.964511
4160	0.964511
4161	0.964511
4162	0.964511
4163	0.964511
4164	0.964511
4165	0.964511
4166	0.964511
4167	0.964511
4168	0.964511
4169	0.964511
4170	0.964511
4171	0.964511
4172	0.964511
4173	0.964511
4174	0.964511
4175	0.964511
4176	0.964511
4177	0.964511
4178	0.964511
4179	0.964511
4180	0.964511
4181	0.964511
4182	0.964511
4183	0.964511
4184	0.964511
4185	0.964511
4186	0.964511
4187	0.964511
4188	0.964511
4189	0.964511
4190	0.964511
4191	0.964511
4192	0.964511
4193	0.964511
4194	0.964511
4195	0.964511
4196	0.964511
4197	0.964511
4198	0.964511
4199	0.964511
4200	0.964511
4201	0.964511
4202	0.964511
4203	0.964511
4204	0.964511
4205	0.964511
4206	0.964511
4207	0.964511
4208	0.964511
4209	0.964511
4210	0.964511
4211	0.964511
4212	0.964511
4213	0.964511
4214	0.964511
4215	0.964511
4216	0.964511
4217	0.964511
4218	0.964511
4219	0.964511
4220	0.964511
4221	0.964511
4222	0.964511
4223	0.964511
4224	0.964511
4225	0.964511
4226	0.964511
4227	0.964511
4228	0.964511
4229	0.964511
4230	0.964511
4231	0.964511
4232	0.964511
4233	0.964511
4234	0.964511
4235	0.964511
4236	0.964511
4237	0.964511
4238	0.964511
4239	0.964511
4240	0.964511
4241	0.964511
4242	0.964511
4243	0.964511
4244	0.964511
4245	0.964511
4246	0.964511
4247	0.964511
4248	0.964511
4249	0.964511
4250	0.964511
4251	0.964511
4252	0.964511
4253	0.964511
4254	0.964511
4255	0.964511
4256	0.964511
4257	0.964511
4258	0.964511
4259	0.964511
4260	0.964511
4261	0.964511
4262	0.964511
4263	0.964511
4264	0.964511
4265	0.964511
4266	0.964511
4267	0.964511
4268	0.964511
4269	0.964511
4270	0.964511
4271	0.964511
4272	0.964511
4273	0.964511
4274	0.964511
4275	0.964511
4276	0.964511
4277	0.964511
4278	0.964511
4279	0.964511
4280	0.964511
4281	0.964511
4282	0.964511
4283	0.964511
4284	0.964511
4285	0.964511
4286	0.964511
4287	0.964511
4288	0.964511
4289	0.964511
4290	0.964511
4291	0.964511
4292	0.964511
4293	0.964511
4294	0.964511
4295	0.964511
4296	0.964511
4297	0.964511
4298	0.964511
4299	0.964511
4300	0.964511
4301	0.964511
4302	0.964511
4303	0.964511
4304	0.964511
4305	0.964511
4306	0.964511
4307	0.964511
4308	0.964511
4309	0.964511
4310	0.964511
4311	0.964511
4312	0.964511
4313	0.964511
4314	0.964511
4315	0.964511
4316	0.964511
4317	0.964511
4318	0.964511
4319	0.964511
4320	0.964511
4321	0.964511
4322	0.964511
4323	0.964511
4324	0.964511
4325	0.964511
4326	0.964511
4327	0.964511
4328	0.964511
4329	0.964511
4330	0.964511
4331	0.964511
4332	0.964511
4333	0.964511
4334	0.964511
4335	0.964511
4336	0.964511
4337	0.964511
4338	0.964511
4339	0.964511
4340	0.964511
4341	0.964511
4342	0.964511
4343	0.964511
4344	0.964511
4345	0.964511
4346	0.964511
4347	0.964511
4348	0.964511
4349	0.964511
4350	0.964511
4351	0.964511
4352	0.964511
4353	0.964511
4354	0.964511
4355	0.964511
4356	0.964511
4357	0.964511
4358	0.964511
4359	0.964511
4360	0.964511
4361	0.964511
4362	0.964511
4363	0.964511
4364	0.964511
4365	0.964511
4366	0.964511
4367	0.964511
4368	0.964511
4369	0.964511
4370	0.964511
4371	0.964511
4372	0.964511
4373	0.964511
4374	0.964511
4375	0.964511
4376	0.964511
4377	0.964511
4378	0.964511
4379	0.964511
4380	0.964511
4381	0.964511
4382	0.964511
4383	0.964511
4384	0.964511
4385	0.964511
4386	0.964511
4387	0.964511
4388	0.964511
4389	0.964511
4390	0.964511
4391	0.964511
4392	0.964511
4393	0.964511
4394	0.964511
4395	0.964511
4396	0.964511
4397	0.964511
4398	0.964511
4399	0.964511
4400	0.964511
4401	0.964511
4402	0.964511
4403	0.964511
4404	0.964511
4405	0.964511
4406	0.964511
4407	0.964511
4408	0.964511
4409	0.964511
4410	0.964511
4411	0.964511
4412	0.964511
4413	0.964511
4414	0.964511
4415	0.964511
4416	0.964511
4417	0.964511
4418	0.964511
4419	0.964511
4420	0.964511
4421	0.964511
4422	0.964511
4423	0.964511
4424	0.964511
4425	0.964511
4426	0.964511
4427	0.964511
4428	0.964511
4429	0.964511
4430	0.964511
4431	0.964511
4432	0.964511
4433	0.964511
4434	0.964511
4435	0.964511
4436	0.964511
4437	0.964511
4438	0.964511
4439	0.964511
4440	0.964511
4441	0.964511
4442	0.964511
4443	0.964511
4444	0.964511
4445	0.964511
4446	0.964511
4447	0.964511
4448	0.964511
4449	0.964511
4450	0.964511
4451	0.964511
4452	0.964511
4453	0.964511
4454	0.964511
4455	0.964511
4456	0.964511
4457	0.964511
4458	0.964511
4459	0.964511
4460	0.964511
4461	0.964511
4462	0.964511
4463	0.964511
4464	0.964511
4465	0.964511
4466	0.964511
4467	0.964511
4468	0.964511
4469	0.964511
4470	0.964511
4471	0.964511
4472	0.964511
4473	0.964511
4474	0.964511
4475	0.964511
4476	0.964511
4477	0.964511
4478	0.964511
4479	0.964511
4480	0.964511
4481	0.964511
4482	0.964511
4483	0.964511
4484	0.964511
4485	0.964511
4486	0.964511
4487	0.964511
4488	0.964511
4489	0.964511
4490	0.964511
4491	0.964511
4492	0.964511
4493	0.964511
4494	0.964511
4495	0.964511
4496	0.964511
4497	0.964511
4498	0.964511
4499	0.964511
4500	0.964511
4501	0.964511
4502	0.964511
4503	0.964511
4504	0.964511
4505	0.964511
4506	0.964511
4507	0.964511
4508	0.964511
4509	0.964511
4510	0.964511
4511	0.964511
4512	0.964511
4513	0.964511
4514	0.964511
4515	0.964511
4516	0.964511
4517	0.964511
4518	0.964511
4519	0.964511
4520	0.964511
4521	0.964511
4522	0.964511
4523	0.964511
4524	0.964511
4525	0.964511
4526	0.964511
4527	0.964511
4528	0.964511
4529	0.964511
4530	0.964511
4531	0.964511
4532	0.964511
4533	0.964511
4534	0.964511
4535	0.964511
4536	0.964511
4537	0.964511
4538	0.964511
4539	0.964511
4540	0.964511
4541	0.964511
4542	0.964511
4543	0.964511
4544	0.964511
4545	0.964511
4546	0.964511
4547	0.964511
4548	0.964511
4549	0.964511
4550	0.964511
4551	0.964511
4552	0.964511
4553	0.964511
4554	0.964511
4555	0.964511
4556	0.964511
4557	0.964511
4558	0.964511
4559	0.964511
4560	0.964511
4561	0.964511
4562	0.964511
4563	0.964511
4564	0.964511
4565	0.964511
4566	0.964511
4567	0.964511
4568	0.964511
4569	0.964511
4570	0.964511
4571	0.964511
4572	0.964511
4573	0.964511
4574	0.964511
4575	0.964511
4576	0.964511
4577	0.964511
4578	0.964511
4579	0.964511
4580	0.964511
4581	0.964511
4582	0.964511
4583	0.964511
4584	0.964511
4585	0.964511
4586	0.964511
4587	0.964511
4588	0.964511
4589	0.964511
4590	0.964511
4591	0.964511
4592	0.964511
4593	0.964511
4594	0.964511
4595	0.964511
4596	0.964511
4597	0.964511
4598	0.964511
4599	0.964511
4600	0.964511
4601	0.964511
4602	0.964511
4603	0.964511
4604	0.964511
4605	0.964511
4606	0.964511
4607	0.964511
4608	0.964511
4609	0.964511
4610	0.964511
4611	0.964511
4612	0.964511
4613	0.964511
4614	0.964511
4615	0.964511
4616	0.964511
4617	0.964511
4618	0.964511
4619	0.964511
4620	0.964511
4621	0.964511
4622	0.964511
4623	0.964511
4624	0.964511
4625	0.964511
4626	0.964511
4627	0.964511
4628	0.964511
4629	0.964511
4630	0.964511
4631	0.964511
4632	0.964511
4633	0.964511
4634	0.964511
4635	0.964511
4636	0.964511
4637	0.964511
4638	0.964511
4639	0.964511
4640	0.964511
4641	0.964511
4642	0.964511
4643	0.964511
4644	0.964511
4645	0.964511
4646	0.964511
4647	0.964511
4648	0.964511
4649	0.964511
4650	0.964511
4651	0.964511
4652	0.964511
4653	0.964511
4654	0.964511
4655	0.964511
4656	0.964511
4657	0.964511
4658	0.964511
4659	0.964511
4660	0.964511
4661	0.964511
4662	0.964511
4663	0.964511
4664	0.964511
4665	0.964511
4666	0.964511
4667	0.964511
4668	0.964511
4669	0.964511
4670	0.964511
4671	0.964511
4672	0.964511
4673	0.964511
4674	0.964511
4675	0.964511
4676	0.964511
4677	0.964511
4678	0.964511
4679	0.964511
4680	0.964511
4681	0.964511
4682	0.964511
4683	0.964511
4684	0.964511
4685	0.964511
4686	0.964511
4687	0.964511
4688	0.964511
4689	0.964511
4690	0.964511
4691	0.964511
4692	0.964511
4693	0.964511
4694	0.964511
4695	0.964511
4696	0.964511
4697	0.964511
4698	0.964511
4699	0.964511
4700	0.964511
4701	0.964511
4702	0.964511
4703	0.964511
4704	0.964511
4705	0.964511
4706	0.964511
4707	0.964511
4708	0.964511
4709	0.964511
4710	0.964511
4711	0.964511
4712	0.964511
4713	0.964511
4714	0.964511
4715	0.964511
4716	0.964511
4717	0.964511
4718	0.964511
4719	0.964511
4720	0.964511
4721	0.964511
4722	0.964511
4723	0.964511
4724	0.964511
4725	0.964511
4726	0.964511
4727	0.964511
4728	0.964511
4729	0.964511
4730	0.964511
4731	0.964511
4732	0.964511
4733	0.964511
4734	0.964511
4735	0.964511
4736	0.964511
4737	0.964511
4738	0.964511
4739	0.964511
4740	0.964511
4741	0.964511
4742	0.964511
4743	0.964511
4744	0.964511
4745	0.964511
4746	0.964511
4747	0.964511
4748	0.964511
4749	0.964511
4750	0.964511
4751	0.964511
4752	0.964511
4753	0.964511
4754	0.964511
4755	0.964511
4756	0.964511
4757	0.964511
4758	0.964511
4759	0.964511
4760	0.964511
4761	0.964511
4762	0.964511
4763	0.964511
4764	0.964511
4765	0.964511
4766	0.964511
4767	0.964511
4768	0.964511
4769	0.964511
4770	0.964511
4771	0.964511
4772	0.964511
4773	0.964511
4774	0.964511
4775	0.964511
4776	0.964511
4777	0.964511
4778	0.964511
4779	0.964511
4780	0.964511
4781	0.964511
4782	0.964511
4783	0.964511
4784	0.964511
4785	0.964511
4786	0.964511
4787	0.964511
4788	0.964511
4789	0.964511
4790	0.964511
4791	0.964511
4792	0.964511
4793	0.964511
4794	0.964511
4795	0.964511
4796	0.964511
4797	0.964511
4798	0.964511
4799	0.964511
4800	0.964511
4801	0.964511
4802	0.964511
4803	0.964511
4804	0.964511
4805	0.964511
4806	0.964511
4807	0.964511
4808	0.964511
4809	0.964511
4810	0.964511
4811	0.964511
4812	0.964511
4813	0.964511
4814	0.964511
4815	0.964511
4816	0.964511
4817	0.964511
4818	0.964511
4819	0.964511
4820	0.964511
4821	0.964511
4822	0.964511
4823	0.964511
4824	0.964511
4825	0.964511
4826	0.964511
4827	0.964511
4828	0.964511
4829	0.964511
4830	0.964511
4831	0.964511
4832	0.964511
4833	0.964511
4834	0.964511
4835	0.964511
4836	0.964511
4837	0.964511
4838	0.964511
4839	0.964511
4840	0.964511
4841	0.964511
4842	0.964511
4843	0.964511
4844	0.964511
4845	0.964511
4846	0.964511
4847	0.964511
4848	0.964511
4849	0.964511
4850	0.964511
4851	0.964511
4852	0.964511
4853	0.964511
4854	0.964511
4855	0.964511
4856	0.964511
4857	0.964511
4858	0.964511
4859	0.964511
4860	0.964511
4861	0.964511
4862	0.964511
4863	0.964511
4864	0.964511
4865	0.964511
4866	0.964511
4867	0.964511
4868	0.964511
4869	0.964511
4870	0.964511
4871	0.964511
4872	0.964511
4873	0.964511
4874	0.964511
4875	0.964511
4876	0.964511
4877	0.964511
4878	0.964511
4879	0.964511
4880	0.964511
4881	0.964511
4882	0.964511
4883	0.964511
4884	0.964511
4885	0.964511
4886	0.964511
4887	0.964511
4888	0.964511
4889	0.964511
4890	0.964511
4891	0.964511
4892	0.964511
4893	0.964511
4894	0.964511
4895	0.964511
4896	0.964511
4897	0.964511
4898	0.964511
4899	0.964511
4900	0.964511
4901	0.964511
4902	0.964511
4903	0.964511
4904	0.964511
4905	0.964511
4906	0.964511
4907	0.964511
4908	0.964511
4909	0.964511
4910	0.964511
4911	0.964511
4912	0.964511
4913	0.964511
4914	0.964511
4915	0.964511
4916	0.964511
4917	0.964511
4918	0.964511
4919	0.964511
4920	0.964511
4921	0.964511
4922	0.964511
4923	0.964511
4924	0.964511
4925	0.964511
4926	0.964511
4927	0.964511
4928	0.964511
4929	0.964511
4930	0.964511
4931	0.964511
4932	0.964511
4933	0.964511
4934	0.964511
4935	0.964511
4936	0.964511
4937	0.964511
4938	0.964511
4939	0.964511
4940	0.964511
4941	0.964511
4942	0.964511
4943	0.964511
4944	0.964511
4945	0.964511
4946	0.964511
4947	0.964511
4948	0.964511
4949	0.964511
4950	0.964511
4951	0.964511
4952	0.964511
4953	0.964511
4954	0.964511
4955	0.964511
4956	0.964511
4957	0.964511
4958	0.964511
4959	0.964511
4960	0.964511
4961	0.964511
4962	0.964511
4963	0.964511
4964	0.964511
4965	0.964511
4966	0.964511
4967	0.964511
4968	0.964511
4969	0.964511
4970	0.964511
4971	0.964511
4972	0.964511
4973	0.964511
4974	0.964511
4975	0.964511
4976	0.964511
4977	0.964511
4978	0.964511
4979	0.964511
4980	0.964511
4981	0.964511
4982	0.964511
4983	0.964511
4984	0.964511
4985	0.964511
4986	0.964511
4987	0.964511
4988	0.964511
4989	0.964511
4990	0.964511
4991	0.964511
4992	0.964511
4993	0.964511
4994	0.964511
4995	0.964511
4996	0.964511
4997	0.964511
4998	0.964511
4999	0.964511
5000	0.964511
5001	0.964511
5002	0.964511
5003	0.964511
5004	0.964511
5005	0.964511
5006	0.964511
5007	0.964511
5008	0.964511
5009	0.964511
5010	0.964511
5011	0.964511
5012	0.964511
5013	0.964511
5014	0.964511
5015	0.964511
5016	0.964511
5017	0.964511
5018	0.964511
5019	0.964511
5020	0.964511
5021	0.964511
5022	0.964511
5023	0.964511
5024	0.964511
5025	0.964511
5026	0.964511
5027	0.964511
5028	0.964511
5029	0.964511
5030	0.964511
5031	0.964511
5032	0.964511
5033	0.964511
5034	0.964511
5035	0.964511
5036	0.964511
5037	0.964511
5038	0.964511
5039	0.964511
5040	0.964511
5041	0.964511
5042	0.964511
5043	0.964511
5044	0.964511
5045	0.964511
5046	0.964511
5047	0.964511
5048	0.964511
5049	0.964511
5050	0.964511
5051	0.964511
5052	0.964511
5053	0.964511
5054	0.964511
5055	0.964511
5056	0.964511
5057	0.964511
5058	0.964511
5059	0.964511
5060	0.964511
5061	0.964511
5062	0.964511
5063	0.964511
5064	0.964511
5065	0.964511
5066	0.964511
5067	0.964511
5068	0.964511
5069	0.964511
5070	0.964511
5071	0.964511
5072	0.964511
5073	0.964511
5074	0.964511
5075	0.964511
5076	0.964511
5077	0.964511
5078	0.964511
5079	0.964511
5080	0.964511
5081	0.964511
5082	0.964511
5083	0.964511
5084	0.964511
5085	0.964511
5086	0.964511
5087	0.964511
5088	0.964511
5089	0.964511
5090	0.964511
5091	0.964511
5092	0.964511
5093	0.964511
5094	0.964511
5095	0.964511
5096	0.964511
5097	0.964511
5098	0.964511
5099	0.964511
5100	0.964511
5101	0.964511
5102	0.964511
5103	0.964511
5104	0.964511
5105	0.964511
5106	0.964511
5107	0.964511
5108	0.964511
5109	0.964511
5110	0.964511
5111	0.964511
5112	0.964511
5113	0.964511
5114	0.964511
5115	0.964511
5116	0.964511
5117	0.964511
5118	0.964511
5119	0.964511
5120	0.964511
5121	0.964511
5122	0.964511
5123	0.964511
5124	0.964511
5125	0.964511
5126	0.964511
5127	0.964511
5128	0.964511
5129	0.964511
5130	0.964511
5131	0.964511
5132	0.964511
5133	0.964511
5134	0.964511
5135	0.964511
5136	0.964511
5137	0.964511
5138	0.964511
5139	0.964511
5140	0.964511
5141	0.964511
5142	0.964511
5143	0.964511
5144	0.964511
5145	0.964511
5146	0.964511
5147	0.964511
5148	0.964511
5149	0.964511
5150	0.964511
5151	0.964511
5152	0.964511
5153	0.964511
5154	0.964511
5155	0.964511
5156	0.964511
5157	0.964511
5158	0.964511
5159	0.964511
5160	0.964511
5161	0.964511
5162	0.964511
5163	0.964511
5164	0.964511
5165	0.964511
5166	0.964511
5167	0.964511
5168	0.964511
5169	0.964511
5170	0.964511
5171	0.964511
5172	0.964511
5173	0.964511
5174	0.964511
5175	0.964511
5176	0.964511
5177	0.964511
5178	0.964511
5179	0.964511
5180	0.964511
5181	0.964511
5182	0.964511
5183	0.964511
5184	0.964511
5185	0.964511
5186	0.964511
5187	0.964511
5188	0.964511
5189	0.964511
5190	0.964511
5191	0.964511
5192	0.964511
5193	0.964511
5194	0.964511
5195	0.964511
5196	0.964511
5197	0.964511
5198	0.964511
5199	0.964511
5200	0.964511
5201	0.964511
5202	0.964511
5203	0.964511
5204	0.964511
5205	0.964511
5206	0.964511
5207	0.964511
5208	0.964511
5209	0.964511
5210	0.964511
5211	0.964511
5212	0.964511
5213	0.964511
5214	0.964511
5215	0.964511
5216	0.964511
5217	0.964511
5218	0.964511
5219	0.964511
5220	0.964511
5221	0.964511
5222	0.964511
5223	0.964511
5224	0.964511
5225	0.964511
5226	0.964511
5227	0.964511
5228	0.964511
5229	0.964511
5230	0.964511
5231	0.964511
5232	0.964511
5233	0.964511
5234	0.964511
5235	0.964511
5236	0.964511
5237	0.964511
5238	0.964511
5239	0.964511
5240	0.964511
5241	0.964511
5242	0.964511
5243	0.964511
5244	0.964511
5245	0.964511
5246	0.964511
5247	0.964511
5248	0.964511
5249	0.964511
5250	0.964511
5251	0.964511
5252	0.964511
5253	0.964511
5254	0.964511
5255	0.964511
5256	0.964511
5257	0.964511
5258	0.964511
5259	0.964511
5260	0.964511
5261	0.964511
5262	0.964511
5263	0.964511
5264	0.964511
5265	0.964511
5266	0.964511
5267	0.964511
5268	0.964511
5269	0.964511
5270	0.964511
5271	0.964511
5272	0.964511
5273	0.964511
5274	0.964511
5275	0.964511
5276	0.964511
5277	0.964511
5278	0.964511
5279	0.964511
5280	0.964511
5281	0.964511
5282	0.964511
5283	0.964511
5284	0.964511
5285	0.964511
5286	0.964511
5287	0.964511
5288	0.964511
5289	0.964511
5290	0.964511
5291	0.964511
5292	0.964511
5293	0.964511
5294	0.964511
5295	0.964511
5296	0.964511
5297	0.964511
5298	0.964511
5299	0.964511
5300	0.964511
5301	0.964511
5302	0.964511
5303	0.964511
5304	0.964511
5305	0.964511
5306	0.964511
5307	0.964511
5308	0.964511
5309	0.964511
5310	0.964511
5311	0.964511
5312	0.964511
5313	0.964511
5314	0.964511
5315	0.964511
5316	0.964511
5317	0.964511
5318	0.964511
5319	0.964511
5320	0.964511
5321	0.964511
5322	0.964511
5323	0.964511
5324	0.964511
5325	0.964511
5326	0.964511
5327	0.964511
5328	0.964511
5329	0.964511
5330	0.964511
5331	0.964511
5332	0.964511
5333	0.964511
5334	0.964511
5335	0.964511
5336	0.964511
5337	0.964511
5338	0.964511
5339	0.964511
5340	0.964511
5341	0.964511
5342	0.964511
5343	0.964511
5344	0.964511
5345	0.964511
5346	0.964511
5347	0.964511
5348	0.964511
5349	0.964511
5350	0.964511
5351	0.964511
5352	0.964511
5353	0.964511
5354	0.964511
5355	0.964511
5356	0.964511
5357	0.964511
5358	0.964511
5359	0.964511
5360	0.964511
5361	0.964511
5362	0.964511
5363	0.964511
5364	0.964511
5365	0.964511
5366	0.964511
5367	0.964511
5368	0.964511
5369	0.964511
5370	0.964511
5371	0.964511
5372	0.964511
5373	0.964511
5374	0.964511
5375	0.964511
5376	0.964511
5377	0.964511
5378	0.964511
5379	0.964511
5380	0.964511
5381	0.964511
5382	0.964511
5383	0.964511
5384	0.964511
5385	0.964511
5386	0.964511
5387	0.964511
5388	0.964511
5389	0.964511
5390	0.964511
5391	0.964511
5392	0.964511
5393	0.964511
5394	0.964511
5395	0.964511
5396	0.964511
5397	0.964511
5398	0.964511
5399	0.964511
5400	0.964511
5401	0.964511
5402	0.964511
5403	0.964511
5404	0.964511
5405	0.964511
5406	0.964511
5407	0.964511
5408	0.964511
5409	0.964511
5410	0.964511
5411	0.964511
5412	0.964511
5413	0.964511
5414	0.964511
5415	0.964511
5416	0.964511
5417	0.964511
5418	0.964511
5419	0.964511
5420	0.964511
5421	0.964511
5422	0.964511
5423	0.964511
5424	0.964511
5425	0.964511
5426	0.964511
5427	0.964511
5428	0.964511
5429	0.964511
5430	0.964511
5431	0.964511
5432	0.964511
5433	0.964511
5434	0.964511
5435	0.964511
5436	0.964511
5437	0.964511
5438	0.964511
5439	0.964511
5440	0.964511
5441	0.964511
5442	0.964511
5443	0.964511
5444	0.964511
5445	0.964511
5446	0.964511
5447	0.964511
5448	0.964511
5449	0.964511
5450	0.964511
5451	0.964511
5452	0.964511
5453	0.964511
5454	0.964511
5455	0.964511
5456	0.964511
5457	0.964511
5458	0.964511
5459	0.964511
5460	0.964511
5461	0.964511
5462	0.964511
5463	0.964511
5464	0.964511
5465	0.964511
5466	0.964511
5467	0.964511
5468	0.964511
5469	0.964511
5470	0.964511
5471	0.964511
5472	0.964511
5473	0.964511
5474	0.964511
5475	0.964511
5476	0.964511
5477	0.964511
5478	0.964511
5479	0.964511
5480	0.964511
5481	0.964511
5482	0.964511
5483	0.964511
5484	0.964511
5485	0.964511
5486	0.964511
5487	0.964511
5488	0.964511
5489	0.964511
5490	0.964511
5491	0.964511
5492	0.964511
5493	0.964511
5494	0.964511
5495	0.964511
5496	0.964511
5497	0.964511
5498	0.964511
5499	0.964511
5500	0.964511
5501	0.964511
5502	0.964511
5503	0.964511
5504	0.964511
5505	0.964511
5506	0.964511
5507	0.964511
5508	0.964511
5509	0.964511
5510	0.964511
5511	0.964511
5512	0.964511
5513	0.964511
5514	0.964511
5515	0.964511
5516	0.964511
5517	0.964511
5518	0.964511
5519	0.964511
5520	0.964511
5521	0.964511
5522	0.964511
5523	0.964511
5524	0.964511
5525	0.964511
5526	0.964511
5527	0.964511
5528	0.964511
5529	0.964511
5530	0.964511
5531	0.964511
5532	0.964511
5533	0.964511
5534	0.964511
5535	0.964511
5536	0.964511
5537	0.964511
5538	0.964511
5539	0.964511
5540	0.964511
5541	0.964511
5542	0.964511
5543	0.964511
5544	0.964511
5545	0.964511
5546	0.964511
5547	0.964511
5548	0.964511
5549	0.964511
5550	0.964511
5551	0.964511
5552	0.964511
5553	0.964511
5554	0.964511
5555	0.964511
5556	0.964511
5557	0.964511
5558	0.964511
5559	0.964511
5560	0.964511
5561	0.964511
5562	0.964511
5563	0.964511
5564	0.964511
5565	0.964511
5566	0.964511
5567	0.964511
5568	0.964511
5569	0.964511
5570	0.964511
5571	0.964511
5572	0.964511
5573	0.964511
5574	0.964511
5575	0.964511
5576	0.964511
5577	0.964511
5578	0.964511
5579	0.964511
5580	0.964511
5581	0.964511
5582	0.964511
5583	0.964511
5584	0.964511
5585	0.964511
5586	0.964511
5587	0.964511
5588	0.964511
5589	0.964511
5590	0.964511
5591	0.964511
5592	0.964511
5593	0.964511
5594	0.964511
5595	0.964511
5596	0.964511
5597	0.964511
5598	0.964511
5599	0.964511
5600	0.964511
5601	0.964511
5602	0.964511
5603	0.964511
5604	0.964511
5605	0.964511
5606	0.964511
5607	0.964511
5608	0.964511
5609	0.964511
5610	0.964511
5611	0.964511
5612	0.964511
5613	0.964511
5614	0.964511
5615	0.964511
5616	0.964511
5617	0.964511
5618	0.964511
5619	0.964511
5620	0.964511
5621	0.964511
5622	0.964511
5623	0.964511
5624	0.964511
5625	0.964511
5626	0.964511
5627	0.964511
5628	0.964511
5629	0.964511
5630	0.964511
5631	0.964511
5632	0.964511
5633	0.964511
5634	0.964511
5635	0.964511
5636	0.964511
5637	0.964511
5638	0.964511
5639	0.964511
5640	0.964511
5641	0.964511
5642	0.964511
5643	0.964511
5644	0.964511
5645	0.964511
5646	0.964511
5647	0.964511
5648	0.964511
5649	0.964511
5650	0.964511
5651	0.964511
5652	0.964511
5653	0.964511
5654	0.964511
5655	0.964511
5656	0.964511
5657	0.964511
5658	0.964511
5659	0.964511
5660	0.964511
5661	0.964511
5662	0.964511
5663	0.964511
5664	0.964511
5665	0.964511
5666	0.964511
5667	0.964511
5668	0.964511
5669	0.964511
5670	0.964511
5671	0.964511
5672	0.964511
5673	0.964511
5674	0.964511
5675	0.964511
5676	0.964511
5677	0.964511
5678	0.964511
5679	0.964511
5680	0.964511
5681	0.964511
5682	0.964511
5683	0.964511
5684	0.964511
5685	0.964511
5686	0.964511
5687	0.964511
5688	0.964511
5689	0.964511
5690	0.964511
5691	0.964511
5692	0.964511
5693	0.964511
5694	0.964511
5695	0.964511
5696	0.964511
5697	0.964511
5698	0.964511
5699	0.964511
5700	0.964511
5701	0.964511
5702	0.964511
5703	0.964511
5704	0.964511
5705	0.964511
5706	0.964511
5707	0.964511
5708	0.964511
5709	0.964511
5710	0.964511
5711	0.964511
5712	0.964511
5713	0.964511
5714	0.964511
5715	0.964511
5716	0.964511
5717	0.964511
5718	0.964511
5719	0.964511
5720	0.964511
5721	0.964511
5722	0.964511
5723	0.964511
5724	0.964511
5725	0.964511
5726	0.964511
5727	0.964511
5728	0.964511
5729	0.964511
5730	0.964511
5731	0.964511
5732	0.964511
5733	0.964511
5734	0.964511
5735	0.964511
5736	0.964511
5737	0.964511
5738	0.964511
5739	0.964511
5740	0.964511
5741	0.964511
5742	0.964511
5743	0.964511
5744	0.964511
5745	0.964511
5746	0.964511
5747	0.964511
5748	0.964511
5749	0.964511
5750	0.964511
5751	0.964511
5752	0.964511
5753	0.964511
5754	0.964511
5755	0.964511
5756	0.964511
5757	0.964511
5758	0.964511
5759	0.964511
5760	0.964511
5761	0.964511
5762	0.964511
5763	0.964511
5764	0.964511
5765	0.964511
5766	0.964511
5767	0.964511
5768	0.964511
5769	0.964511
5770	0.964511
5771	0.964511
5772	0.964511
5773	0.964511
5774	0.964511
5775	0.964511
5776	0.964511
5777	0.964511
5778	0.964511
5779	0.964511
5780	0.964511
5781	0.964511
5782	0.964511
5783	0.964511
5784	0.964511
5785	0.964511
5786	0.964511
5787	0.964511
5788	0.964511
5789	0.964511
5790	0.964511
5791	0.964511
5792	0.964511
5793	0.964511
5794	0.964511
5795	0.964511
5796	0.964511
5797	0.964511
5798	0.964511
5799	0.964511
5800	0.964511
5801	0.964511
5802	0.964511
5803	0.964511
5804	0.964511
5805	0.964511
5806	0.964511
5807	0.964511
5808	0.964511
5809	0.964511
5810	0.964511
5811	0.964511
5812	0.964511
5813	0.964511
5814	0.964511
5815	0.964511
5816	0.964511
5817	0.964511
5818	0.964511
5819	0.964511
5820	0.964511
5821	0.964511
5822	0.964511
5823	0.964511
5824	0.964511
5825	0.964511
5826	0.964511
5827	0.964511
5828	0.964511
5829	0.964511
5830	0.964511
5831	0.964511
5832	0.964511
5833	0.964511
5834	0.964511
5835	0.964511
5836	0.964511
5837	0.964511
5838	0.964511
5839	0.964511
5840	0.964511
5841	0.964511
5842	0.964511
5843	0.964511
5844	0.964511
5845	0.964511
5846	0.964511
5847	0.964511
5848	0.964511
5849	0.964511
5850	0.964511
5851	0.964511
5852	0.964511
5853	0.964511
5854	0.964511
5855	0.964511
5856	0.964511
5857	0.964511
5858	0.964511
5859	0.964511
5860	0.964511
5861	0.964511
5862	0.964511
5863	0.964511
5864	0.964511
5865	0.964511
5866	0.964511
5867	0.964511
5868	0.964511
5869	0.964511
5870	0.964511
5871	0.964511
5872	0.964511
5873	0.964511
5874	0.964511
5875	0.964511
5876	0.964511
5877	0.964511
5878	0.964511
5879	0.964511
5880	0.964511
5881	0.964511
5882	0.964511
5883	0.964511
5884	0.964511
5885	0.964511
5886	0.964511
5887	0.964511
5888	0.964511
5889	0.964511
5890	0.964511
5891	0.964511
5892	0.964511
5893	0.964511
5894	0.964511
5895	0.964511
5896	0.964511
5897	0.964511
5898	0.964511
5899	0.964511
5900	0.964511
5901	0.964511
5902	0.964511
5903	0.964511
5904	0.964511
5905	0.964511
5906	0.964511
5907	0.964511
5908	0.964511
5909	0.964511
5910	0.964511
5911	0.964511
5912	0.964511
5913	0.964511
5914	0.964511
5915	0.964511
5916	0.964511
5917	0.964511
5918	0.964511
5919	0.964511
5920	0.964511
5921	0.964511
5922	0.964511
5923	0.964511
5924	0.964511
5925	0.964511
5926	0.964511
5927	0.964511
5928	0.964511
5929	0.964511
5930	0.964511
5931	0.964511
5932	0.964511
5933	0.964511
5934	0.964511
5935	0.964511
5936	0.964511
5937	0.964511
5938	0.964511
5939	0.964511
5940	0.964511
5941	0.964511
5942	0.964511
5943	0.964511
5944	0.964511
5945	0.964511
5946	0.964511
5947	0.964511
5948	0.964511
5949	0.964511
5950	0.964511
5951	0.964511
5952	0.964511
5953	0.964511
5954	0.964511
5955	0.964511
5956	0.964511
5957	0.964511
5958	0.964511
5959	0.964511
5960	0.964511
5961	0.964511
5962	0.964511
5963	0.964511
5964	0.964511
5965	0.964511
5966	0.964511
5967	0.964511
5968	0.964511
5969	0.964511
5970	0.964511
5971	0.964511
5972	0.964511
5973	0.964511
5974	0.964511
5975	0.964511
5976	0.964511
5977	0.964511
5978	0.964511
5979	0.964511
5980	0.964511
5981	0.964511
5982	0.964511
5983	0.964511
5984	0.964511
5985	0.964511
5986	0.964511
5987	0.964511
5988	0.964511
5989	0.964511
5990	0.964511
5991	0.964511
5992	0.964511
5993	0.964511
5994	0.964511
5995	0.964511
5996	0.964511
5997	0.964511
5998	0.964511
5999	0.964511
6000	0.964511
6001	0.964511
6002	0.964511
6003	0.964511
6004	0.964511
6005	0.964511
6006	0.964511
6007	0.964511
6008	0.964511
6009	0.964511
6010	0.964511
6011	0.964511
6012	0.964511
6013	0.964511
6014	0.964511
6015	0.964511
6016	0.964511
6017	0.964511
6018	0.964511
6019	0.964511
6020	0.964511
6021	0.964511
6022	0.964511
6023	0.964511
6024	0.964511
6025	0.964511
6026	0.964511
6027	0.964511
6028	0.964511
6029	0.964511
6030	0.964511
6031	0.964511
6032	0.964511
6033	0.964511
6034	0.964511
6035	0.964511
6036	0.964511
6037	0.964511
6038	0.964511
6039	0.964511
6040	0.964511
6041	0.964511
6042	0.964511
6043	0.964511
6044	0.964511
6045	0.964511
6046	0.964511
6047	0.964511
6048	0.964511
6049	0.964511
6050	0.964511
6051	0.964511
6052	0.964511
6053	0.964511
6054	0.964511
6055	0.964511
6056	0.964511
6057	0.964511
6058	0.964511
6059	0.964511
6060	0.964511
6061	0.964511
6062	0.964511
6063	0.964511
6064	0.964511
6065	0.964511
6066	0.964511
6067	0.964511
6068	0.964511
6069	0.964511
6070	0.964511
6071	0.964511
6072	0.964511
6073	0.964511
6074	0.964511
6075	0.964511
6076	0.964511
6077	0.964511
6078	0.964511
6079	0.964511
6080	0.964511
6081	0.964511
6082	0.964511
6083	0.964511
6084	0.964511
6085	0.964511
6086	0.964511
6087	0.964511
6088	0.964511
6089	0.964511
6090	0.964511
6091	0.964511
6092	0.964511
6093	0.964511
6094	0.964511
6095	0.964511
6096	0.964511
6097	0.964511
6098	0.964511
6099	0.964511
6100	0.964511
6101	0.964511
6102	0.964511
6103	0.964511
6104	0.964511
6105	0.964511
6106	0.964511
6107	0.964511
6108	0.964511
6109	0.964511
6110	0.964511
6111	0.964511
6112	0.964511
6113	0.964511
6114	0.964511
6115	0.964511
6116	0.964511
6117	0.964511
6118	0.964511
6119	0.964511
6120	0.964511
6121	0.964511
6122	0.964511
6123	0.964511
6124	0.964511
6125	0.964511
6126	0.964511
6127	0.964511
6128	0.964511
6129	0.964511
6130	0.964511
6131	0.964511
6132	0.964511
6133	0.964511
6134	0.964511
6135	0.964511
6136	0.964511
6137	0.964511
6138	0.964511
6139	0.964511
6140	0.964511
6141	0.964511
6142	0.964511
6143	0.964511
6144	0.964511
6145	0.964511
6146	0.964511
6147	0.964511
6148	0.964511
6149	0.964511
6150	0.964511
6151	0.964511
6152	0.964511
6153	0.964511
6154	0.964511
6155	0.964511
6156	0.964511
6157	0.964511
6158	0.964511
6159	0.964511
6160	0.964511
6161	0.964511
6162	0.964511
6163	0.964511
6164	0.964511
6165	0.964511
6166	0.964511
6167	0.964511
6168	0.964511
6169	0.964511
6170	0.964511
6171	0.964511
6172	0.964511
6173	0.964511
6174	0.964511
6175	0.964511
6176	0.964511
6177	0.964511
6178	0.964511
6179	0.964511
6180	0.964511
6181	0.964511
6182	0.964511
6183	0.964511
6184	0.964511
6185	0.964511
6186	0.964511
6187	0.964511
6188	0.964511
6189	0.964511
6190	0.964511
6191	0.964511
6192	0.964511
6193	0.964511
6194	0.964511
6195	0.964511
6196	0.964511
6197	0.964511
6198	0.964511
6199	0.964511
6200	0.964511
6201	0.964511
6202	0.964511
6203	0.964511
6204	0.964511
6205	0.964511
6206	0.964511
6207	0.964511
6208	0.964511
6209	0.964511
6210	0.964511
6211	0.964511
6212	0.964511
6213	0.964511
6214	0.964511
6215	0.964511
6216	0.964511
6217	0.964511
6218	0.964511
6219	0.964511
6220	0.964511
6221	0.964511
6222	0.964511
6223	0.964511
6224	0.964511
6225	0.964511
6226	0.964511
6227	0.964511
6228	0.964511
6229	0.964511
6230	0.964511
6231	0.964511
6232	0.964511
6233	0.964511
6234	0.964511
6235	0.964511
6236	0.964511
6237	0.964511
6238	0.964511
6239	0.964511
6240	0.964511
6241	0.964511
6242	0.964511
6243	0.964511
6244	0.964511
6245	0.964511
6246	0.964511
6247	0.964511
6248	0.964511
6249	0.964511
6250	0.964511
6251	0.964511
6252	0.964511
6253	0.964511
6254	0.964511
6255	0.964511
6256	0.964511
6257	0.964511
6258	0.964511
6259	0.964511
6260	0.964511
6261	0.964511
6262	0.964511
6263	0.964511
6264	0.964511
6265	0.964511
6266	0.964511
6267	0.964511
6268	0.964511
6269	0.964511
6270	0.964511
6271	0.964511
6272	0.964511
6273	0.964511
6274	0.964511
6275	0.964511
6276	0.964511
6277	0.964511
6278	0.964511
6279	0.964511
6280	0.964511
6281	0.964511
6282	0.964511
6283	0.964511
6284	0.964511
6285	0.964511
6286	0.964511
6287	0.964511
6288	0.964511
6289	0.964511
6290	0.964511
6291	0.964511
6292	0.964511
6293	0.964511
6294	0.964511
6295	0.964511
6296	0.964511
6297	0.964511
6298	0.964511
6299	0.964511
6300	0.964511
6301	0.964511
6302	0.964511
6303	0.964511
6304	0.964511
6305	0.964511
6306	0.964511
6307	0.964511
6308	0.964511
6309	0.964511
6310	0.964511
6311	0.964511
6312	0.964511
6313	0.964511
6314	0.964511
6315	0.964511
6316	0.964511
6317	0.964511
6318	0.964511
6319	0.964511
6320	0.964511
6321	0.964511
6322	0.964511
6323	0.964511
6324	0.964511
6325	0.964511
6326	0.964511
6327	0.964511
6328	0.964511
6329	0.964511
6330	0.964511
6331	0.964511
6332	0.964511
6333	0.964511
6334	0.964511
6335	0.964511
6336	0.964511
6337	0.964511
6338	0.964511
6339	0.964511
6340	0.964511
6341	0.964511
6342	0.964511
6343	0.964511
6344	0.964511
6345	0.964511
6346	0.964511
6347	0.964511
6348	0.964511
6349	0.964511
6350	0.964511
6351	0.964511
6352	0.964511
6353	0.964511
6354	0.964511
6355	0.964511
6356	0.964511
6357	0.964511
6358	0.964511
6359	0.964511
6360	0.964511
6361	0.964511
6362	0.964511
6363	0.964511
6364	0.964511
6365	0.964511
6366	0.964511
6367	0.964511
6368	0.964511
6369	0.964511
6370	0.964511
6371	0.964511
6372	0.964511
6373	0.964511
6374	0.964511
6375	0.964511
6376	0.964511
6377	0.964511
6378	0.964511
6379	0.964511
6380	0.964511
6381	0.964511
6382	0.964511
6383	0.964511
6384	0.964511
6385	0.964511
6386	0.964511
6387	0.964511
6388	0.964511
6389	0.964511
6390	0.964511
6391	0.964511
6392	0.964511
6393	0.964511
6394	0.964511
6395	0.964511
6396	0.964511
6397	0.964511
6398	0.964511
6399	0.964511
6400	0.964511
6401	0.964511
6402	0.964511
6403	0.964511
6404	0.964511
6405	0.964511
6406	0.964511
6407	0.964511
6408	0.964511
6409	0.964511
6410	0.964511
6411	0.964511
6412	0.964511
6413	0.964511
6414	0.964511
6415	0.964511
6416	0.964511
6417	0.964511
6418	0.964511
6419	0.964511
6420	0.964511
6421	0.964511
6422	0.964511
6423	0.964511
6424	0.964511
6425	0.964511
6426	0.964511
6427	0.964511
6428	0.964511
6429	0.964511
6430	0.964511
6431	0.964511
6432	0.964511
6433	0.964511
6434	0.964511
6435	0.964511
6436	0.964511
6437	0.964511
6438	0.964511
6439	0.964511
6440	0.964511
6441	0.964511
6442	0.964511
6443	0.964511
6444	0.964511
6445	0.964511
6446	0.964511
6447	0.964511
6448	0.964511
6449	0.964511
6450	0.964511
6451	0.964511
6452	0.964511
6453	0.964511
6454	0.964511
6455	0.964511
6456	0.964511
6457	0.964511
6458	0.964511
6459	0.964511
6460	0.964511
6461	0.964511
6462	0.964511
6463	0.964511
6464	0.964511
6465	0.964511
6466	0.964511
6467	0.964511
6468	0.964511
6469	0.964511
6470	0.964511
6471	0.964511
6472	0.964511
6473	0.964511
6474	0.964511
6475	0.964511
6476	0.964511
6477	0.964511
6478	0.964511
6479	0.964511
6480	0.964511
6481	0.964511
6482	0.964511
6483	0.964511
6484	0.964511
6485	0.964511
6486	0.964511
6487	0.964511
6488	0.964511
6489	0.964511
6490	0.964511
6491	0.964511
6492	0.964511
6493	0.964511
6494	0.964511
6495	0.964511
6496	0.964511
6497	0.964511
6498	0.964511
6499	0.964511
6500	0.964511
6501	0.964511
6502	0.964511
6503	0.964511
6504	0.964511
6505	0.964511
6506	0.964511
6507	0.964511
6508	0.964511
6509	0.964511
6510	0.964511
6511	0.964511
6512	0.964511
6513	0.964511
6514	0.964511
6515	0.964511
6516	0.964511
6517	0.964511
6518	0.964511
6519	0.964511
6520	0.964511
6521	0.964511
6522	0.964511
6523	0.964511
6524	0.964511
6525	0.964511
6526	0.964511
6527	0.964511
6528	0.964511
6529	0.964511
6530	0.964511
6531	0.964511
6532	0.964511
6533	0.964511
6534	0.964511
6535	0.964511
6536	0.964511
6537	0.964511
6538	0.964511
6539	0.964511
6540	0.964511
6541	0.964511
6542	0.964511
6543	0.964511
6544	0.964511
6545	0.964511
6546	0.964511
6547	0.964511
6548	0.964511
6549	0.964511
6550	0.964511
6551	0.964511
6552	0.964511
6553	0.964511
6554	0.964511
6555	0.964511
6556	0.964511
6557	0.964511
6558	0.964511
6559	0.964511
6560	0.964511
6561	0.964511
6562	0.964511
6563	0.964511
6564	0.964511
6565	0.964511
6566	0.964511
6567	0.964511
6568	0.964511
6569	0.964511
6570	0.964511
6571	0.964511
6572	0.964511
6573	0.964511
6574	0.964511
6575	0.964511
6576	0.964511
6577	0.964511
6578	0.964511
6579	0.964511
6580	0.964511
6581	0.964511
6582	0.964511
6583	0.964511
6584	0.964511
6585	0.964511
6586	0.964511
6587	0.964511
6588	0.964511
6589	0.964511
6590	0.964511
6591	0.964511
6592	0.964511
6593	0.964511
6594	0.964511
6595	0.964511
6596	0.964511
6597	0.964511
6598	0.964511
6599	0.964511
6600	0.964511
6601	0.964511
6602	0.964511
6603	0.964511
6604	0.964511
6605	0.964511
6606	0.964511
6607	0.964511
6608	0.964511
6609	0.964511
6610	0.964511
6611	0.964511
6612	0.964511
6613	0.964511
6614	0.964511
6615	0.964511
6616	0.964511
6617	0.964511
6618	0.964511
6619	0.964511
6620	0.964511
6621	0.964511
6622	0.964511
6623	0.964511
6624	0.964511
6625	0.964511
6626	0.964511
6627	0.964511
6628	0.964511
6629	0.964511
6630	0.964511
6631	0.964511
6632	0.964511
6633	0.964511
6634	0.964511
6635	0.964511
6636	0.964511
6637	0.964511
6638	0.964511
6639	0.964511
6640	0.964511
6641	0.964511
6642	0.964511
6643	0.964511
6644	0.964511
6645	0.964511
6646	0.964511
6647	0.964511
6648	0.964511
6649	0.964511
6650	0.964511
6651	0.964511
6652	0.964511
6653	0.964511
6654	0.964511
6655	0.964511
6656	0.964511
6657	0.964511
6658	0.964511
6659	0.964511
6660	0.964511
6661	0.964511
6662	0.964511
6663	0.964511
6664	0.964511
6665	0.964511
6666	0.964511
6667	0.964511
6668	0.964511
6669	0.964511
6670	0.964511
6671	0.964511
6672	0.964511
6673	0.964511
6674	0.964511
6675	0.964511
6676	0.964511
6677	0.964511
6678	0.964511
6679	0.964511
6680	0.964511
6681	0.964511
6682	0.964511
6683	0.964511
6684	0.964511
6685	0.964511
6686	0.964511
6687	0.964511
6688	0.964511
6689	0.964511
6690	0.964511
6691	0.964511
6692	0.964511
6693	0.964511
6694	0.964511
6695	0.964511
6696	0.964511
6697	0.964511
6698	0.964511
6699	0.964511
6700	0.964511
6701	0.964511
6702	0.964511
6703	0.964511
6704	0.964511
6705	0.964511
6706	0.964511
6707	0.964511
6708	0.964511
6709	0.964511
6710	0.964511
6711	0.964511
6712	0.964511
6713	0.964511
6714	0.964511
6715	0.964511
6716	0.964511
6717	0.964511
6718	0.964511
6719	0.964511
6720	0.964511
6721	0.964511
6722	0.964511
6723	0.964511
6724	0.964511
6725	0.964511
6726	0.964511
6727	0.964511
6728	0.964511
6729	0.964511
6730	0.964511
6731	0.964511
6732	0.964511
6733	0.964511
6734	0.964511
6735	0.964511
6736	0.964511
6737	0.964511
6738	0.964511
6739	0.964511
6740	0.964511
6741	0.964511
6742	0.964511
6743	0.964511
6744	0.964511
6745	0.964511
6746	0.964511
6747	0.964511
6748	0.964511
6749	0.964511
6750	0.964511
6751	0.964511
6752	0.964511
6753	0.964511
6754	0.964511
6755	0.964511
6756	0.964511
6757	0.964511
6758	0.964511
6759	0.964511
6760	0.964511
6761	0.964511
6762	0.964511
6763	0.964511
6764	0.964511
6765	0.964511
6766	0.964511
6767	0.964511
6768	0.964511
6769	0.964511
6770	0.964511
6771	0.964511
6772	0.964511
6773	0.964511
6774	0.964511
6775	0.964511
6776	0.964511
6777	0.964511
6778	0.964511
6779	0.964511
6780	0.964511
6781	0.964511
6782	0.964511
6783	0.964511
6784	0.964511
6785	0.964511
6786	0.964511
6787	0.964511
6788	0.964511
6789	0.964511
6790	0.964511
6791	0.964511
6792	0.964511
6793	0.964511
6794	0.964511
6795	0.964511
6796	0.964511
6797	0.964511
6798	0.964511
6799	0.964511
6800	0.964511
6801	0.964511
6802	0.964511
6803	0.964511
6804	0.964511
6805	0.964511
6806	0.964511
6807	0.964511
6808	0.964511
6809	0.964511
6810	0.964511
6811	0.964511
6812	0.964511
6813	0.964511
6814	0.964511
6815	0.964511
6816	0.964511
6817	0.964511
6818	0.964511
6819	0.964511
6820	0.964511
6821	0.964511
6822	0.964511
6823	0.964511
6824	0.964511
6825	0.964511
6826	0.964511
6827	0.964511
6828	0.964511
6829	0.964511
6830	0.964511
6831	0.964511
6832	0.964511
6833	0.964511
6834	0.964511
6835	0.964511
6836	0.964511
6837	0.964511
6838	0.964511
6839	0.964511
6840	0.964511
6841	0.964511
6842	0.964511
6843	0.964511
6844	0.964511
6845	0.964511
6846	0.964511
6847	0.964511
6848	0.964511
6849	0.964511
6850	0.964511
6851	0.964511
6852	0.964511
6853	0.964511
6854	0.964511
6855	0.964511
6856	0.964511
6857	0.964511
6858	0.964511
6859	0.964511
6860	0.964511
6861	0.964511
6862	0.964511
6863	0.964511
6864	0.964511
6865	0.964511
6866	0.964511
6867	0.964511
6868	0.964511
6869	0.964511
6870	0.964511
6871	0.964511
6872	0.964511
6873	0.964511
6874	0.964511
6875	0.964511
6876	0.964511
6877	0.964511
6878	0.964511
6879	0.964511
6880	0.964511
6881	0.964511
6882	0.964511
6883	0.964511
6884	0.964511
6885	0.964511
6886	0.964511
6887	0.964511
6888	0.964511
6889	0.964511
6890	0.964511
6891	0.964511
6892	0.964511
6893	0.964511
6894	0.964511
6895	0.964511
6896	0.964511
6897	0.964511
6898	0.982947
6899	0.991243
6900	0.991243
6901	0.991243
6902	0.991243
6903	0.991243
6904	0.991243
6905	0.991243
6906	0.991243
6907	0.991243
6908	0.991243
6909	0.993547
6910	0.993547
6911	0.993547
6912	0.993547
6913	0.993547
6914	0.993547
6915	0.993547
6916	0.993547
6917	0.993547
6918	0.993547
6919	0.993547
6920	0.993547
6921	0.993547
6922	0.993547
6923	0.993547
6924	0.993547
6925	0.993547
6926	0.993547
6927	0.993547
6928	0.993547
6929	0.993547
6930	0.993547
6931	0.993547
6932	1
## No. organisms: 20
## Seeds        : 1477203184, 44158
## Runtime      : 1h 16m 17s.
## Started at   : Mon Nov 11 23:33:04 2019
## Ended at     : Tue Nov 12 00:49:21 2019
