1	0.507514
2	0.513966
3	0.517291
4	0.526034
5	0.551494
6	0.551969
7	0.551969
8	0.551969
9	0.561327
10	0.561327
11	0.568338
12	0.568338
13	0.568338
14	0.568338
15	0.581704
16	0.581704
17	0.605936
18	0.605936
19	0.605936
20	0.605936
21	0.605936
22	0.605936
23	0.605936
24	0.605936
25	0.605936
26	0.605936
27	0.605936
28	0.605936
29	0.605936
30	0.605936
31	0.605936
32	0.605936
33	0.605936
34	0.605936
35	0.605936
36	0.605936
37	0.605936
38	0.605936
39	0.631285
40	0.631285
41	0.631285
42	0.631285
43	0.631285
44	0.631746
45	0.631746
46	0.648338
47	0.651564
48	0.651564
49	0.651564
50	0.652025
51	0.652025
52	0.735908
53	0.735908
54	0.735908
55	0.736369
56	0.736369
57	0.736369
58	0.736369
59	0.736369
60	0.736369
61	0.736369
62	0.736369
63	0.736369
64	0.736369
65	0.736369
66	0.736369
67	0.736369
68	0.736369
69	0.736369
70	0.736369
71	0.758492
72	0.764022
73	0.764944
74	0.764944
75	0.764944
76	0.770475
77	0.782458
78	0.788911
79	0.788911
80	0.791676
81	0.794441
82	0.794441
83	0.807807
84	0.807807
85	0.807807
86	0.807807
87	0.812416
88	0.812416
89	0.812416
90	0.812416
91	0.822095
92	0.822095
93	0.822095
94	0.822095
95	0.835
96	0.835
97	0.835
98	0.835
99	0.835
100	0.835
101	0.835
102	0.835
103	0.835
104	0.835
105	0.835
106	0.835
107	0.835
108	0.835
109	0.835
110	0.835
111	0.835
112	0.835
113	0.835
114	0.835
115	0.835
116	0.835
117	0.835
118	0.835
119	0.835
120	0.835
121	0.835
122	0.835
123	0.835
124	0.835
125	0.835
126	0.835
127	0.835
128	0.835
129	0.835
130	0.835
131	0.835
132	0.835
133	0.835
134	0.835
135	0.835
136	0.835
137	0.835
138	0.835
139	0.835
140	0.835
141	0.835
142	0.835
143	0.835
144	0.835
145	0.835
146	0.835
147	0.835
148	0.835
149	0.835
150	0.835
151	0.835
152	0.835
153	0.835
154	0.835
155	0.835
156	0.835
157	0.835
158	0.835
159	0.835
160	0.835
161	0.835
162	0.835
163	0.835
164	0.835
165	0.835
166	0.835
167	0.835
168	0.835
169	0.835
170	0.835
171	0.835
172	0.835
173	0.835
174	0.835
175	0.835
176	0.835
177	0.835
178	0.835
179	0.835
180	0.835
181	0.835
182	0.835
183	0.835
184	0.835
185	0.835
186	0.835
187	0.835
188	0.835
189	0.835
190	0.835
191	0.835
192	0.835
193	0.835
194	0.835
195	0.835
196	0.835
197	0.835
198	0.835
199	0.835
200	0.835
201	0.835
202	0.835
203	0.835
204	0.835
205	0.835
206	0.835
207	0.835
208	0.835
209	0.835
210	0.835
211	0.835
212	0.835
213	0.835
214	0.835
215	0.835
216	0.835
217	0.835
218	0.835
219	0.835
220	0.835
221	0.835
222	0.835
223	0.835
224	0.835
225	0.835
226	0.835
227	0.835
228	0.835
229	0.835
230	0.835
231	0.835
232	0.835
233	0.835
234	0.835
235	0.835
236	0.835
237	0.835
238	0.835
239	0.835
240	0.835
241	0.835
242	0.835
243	0.835
244	0.835
245	0.835
246	0.835
247	0.835
248	0.835
249	0.835922
250	0.836844
251	0.846983
252	0.846983
253	0.846983
254	0.846983
255	0.846983
256	0.846983
257	0.846983
258	0.853897
259	0.853897
260	0.853897
261	0.85574
262	0.85574
263	0.85574
264	0.85574
265	0.85574
266	0.85574
267	0.85574
268	0.85574
269	0.85574
270	0.85574
271	0.859888
272	0.859888
273	0.86081
274	0.86081
275	0.863115
276	0.863115
277	0.864036
278	0.864036
279	0.864036
280	0.864036
281	0.864036
282	0.864036
283	0.864036
284	0.864036
285	0.864036
286	0.864036
287	0.864958
288	0.864958
289	0.864958
290	0.864958
291	0.869567
292	0.869567
293	0.869567
294	0.869567
295	0.869567
296	0.869567
297	0.872793
298	0.872793
299	0.872793
300	0.874637
301	0.874637
302	0.874637
303	0.874637
304	0.87602
305	0.87602
306	0.87602
307	0.87602
308	0.87602
309	0.87602
310	0.87602
311	0.87602
312	0.87602
313	0.87602
314	0.87602
315	0.87602
316	0.87602
317	0.87602
318	0.87602
319	0.87602
320	0.87602
321	0.87602
322	0.87602
323	0.87602
324	0.87602
325	0.87602
326	0.87602
327	0.87602
328	0.87602
329	0.87602
330	0.87602
331	0.87602
332	0.87602
333	0.87602
334	0.87602
335	0.87602
336	0.87602
337	0.87602
338	0.87602
339	0.87602
340	0.87602
341	0.87602
342	0.87602
343	0.87602
344	0.87602
345	0.87602
346	0.87602
347	0.87602
348	0.87602
349	0.87602
350	0.87602
351	0.87602
352	0.87602
353	0.87602
354	0.87602
355	0.87602
356	0.87602
357	0.87602
358	0.87602
359	0.87602
360	0.87602
361	0.87602
362	0.87602
363	0.87602
364	0.87602
365	0.87602
366	0.87602
367	0.87602
368	0.87602
369	0.87602
370	0.87602
371	0.87602
372	0.87602
373	0.87602
374	0.87602
375	0.87602
376	0.87602
377	0.87602
378	0.87602
379	0.87602
380	0.87602
381	0.87602
382	0.87602
383	0.87602
384	0.87602
385	0.87602
386	0.87602
387	0.87602
388	0.87602
389	0.87602
390	0.87602
391	0.87602
392	0.87602
393	0.87602
394	0.87602
395	0.87602
396	0.87602
397	0.87602
398	0.87602
399	0.87602
400	0.87602
401	0.87602
402	0.87602
403	0.87602
404	0.87602
405	0.87602
406	0.87602
407	0.87602
408	0.87602
409	0.87602
410	0.87602
411	0.87602
412	0.87602
413	0.87602
414	0.87602
415	0.87602
416	0.87602
417	0.87602
418	0.87602
419	0.87602
420	0.87602
421	0.87602
422	0.87602
423	0.87602
424	0.87602
425	0.87602
426	0.87602
427	0.87602
428	0.87602
429	0.87602
430	0.87602
431	0.87602
432	0.87602
433	0.87602
434	0.87602
435	0.87602
436	0.87602
437	0.87602
438	0.87602
439	0.87602
440	0.87602
441	0.87602
442	0.87602
443	0.87602
444	0.87602
445	0.87602
446	0.87602
447	0.87602
448	0.87602
449	0.87602
450	0.87602
451	0.87602
452	0.87602
453	0.87602
454	0.87602
455	0.87602
456	0.87602
457	0.87602
458	0.87602
459	0.87602
460	0.87602
461	0.87602
462	0.87602
463	0.87602
464	0.87602
465	0.87602
466	0.87602
467	0.87602
468	0.87602
469	0.87602
470	0.87602
471	0.87602
472	0.87602
473	0.87602
474	0.87602
475	0.87602
476	0.87602
477	0.87602
478	0.87602
479	0.87602
480	0.87602
481	0.87602
482	0.87602
483	0.87602
484	0.87602
485	0.87602
486	0.87602
487	0.87602
488	0.87602
489	0.87602
490	0.87602
491	0.87602
492	0.87602
493	0.87602
494	0.87602
495	0.87602
496	0.87602
497	0.87602
498	0.87602
499	0.87602
500	0.87602
501	0.87602
502	0.87602
503	0.87602
504	0.87602
505	0.87602
506	0.87602
507	0.87602
508	0.87602
509	0.87602
510	0.87602
511	0.87602
512	0.87602
513	0.87602
514	0.87602
515	0.87602
516	0.87602
517	0.87602
518	0.87602
519	0.87602
520	0.87602
521	0.87602
522	0.87602
523	0.87602
524	0.87602
525	0.87602
526	0.87602
527	0.87602
528	0.87602
529	0.87602
530	0.87602
531	0.87602
532	0.87602
533	0.87602
534	0.87602
535	0.87602
536	0.87602
537	0.87602
538	0.87602
539	0.87602
540	0.87602
541	0.87602
542	0.87602
543	0.87602
544	0.87602
545	0.87602
546	0.87602
547	0.87602
548	0.87602
549	0.87602
550	0.87602
551	0.87602
552	0.87602
553	0.87602
554	0.87602
555	0.87602
556	0.87602
557	0.87602
558	0.87602
559	0.87602
560	0.87602
561	0.87602
562	0.87602
563	0.87602
564	0.87602
565	0.87602
566	0.87602
567	0.87602
568	0.87602
569	0.87602
570	0.87602
571	0.87602
572	0.87602
573	0.87602
574	0.87602
575	0.87602
576	0.87602
577	0.87602
578	0.87602
579	0.87602
580	0.87602
581	0.87602
582	0.87602
583	0.87602
584	0.87602
585	0.87602
586	0.87602
587	0.87602
588	0.87602
589	0.87602
590	0.87602
591	0.87602
592	0.87602
593	0.87602
594	0.87602
595	0.87602
596	0.87602
597	0.87602
598	0.87602
599	0.87602
600	0.87602
601	0.87602
602	0.87602
603	0.87602
604	0.87602
605	0.87602
606	0.87602
607	0.87602
608	0.87602
609	0.87602
610	0.87602
611	0.87602
612	0.87602
613	0.87602
614	0.87602
615	0.87602
616	0.87602
617	0.87602
618	0.87602
619	0.87602
620	0.87602
621	0.87602
622	0.87602
623	0.87602
624	0.87602
625	0.87602
626	0.87602
627	0.87602
628	0.87602
629	0.87602
630	0.87602
631	0.87602
632	0.87602
633	0.87602
634	0.87602
635	0.87602
636	0.87602
637	0.87602
638	0.87602
639	0.87602
640	0.87602
641	0.87602
642	0.87602
643	0.87602
644	0.87602
645	0.87602
646	0.87602
647	0.87602
648	0.87602
649	0.87602
650	0.87602
651	0.87602
652	0.87602
653	0.87602
654	0.87602
655	0.87602
656	0.87602
657	0.87602
658	0.87602
659	0.87602
660	0.87602
661	0.87602
662	0.87602
663	0.87602
664	0.87602
665	0.87602
666	0.87602
667	0.87602
668	0.87602
669	0.87602
670	0.87602
671	0.87602
672	0.87602
673	0.87602
674	0.87602
675	0.87602
676	0.87602
677	0.87602
678	0.87602
679	0.87602
680	0.87602
681	0.87602
682	0.87602
683	0.87602
684	0.87602
685	0.87602
686	0.87602
687	0.87602
688	0.87602
689	0.87602
690	0.87602
691	0.87602
692	0.87602
693	0.87602
694	0.87602
695	0.87602
696	0.87602
697	0.87602
698	0.87602
699	0.87602
700	0.87602
701	0.87602
702	0.87602
703	0.87602
704	0.87602
705	0.87602
706	0.87602
707	0.87602
708	0.87602
709	0.87602
710	0.87602
711	0.87602
712	0.87602
713	0.87602
714	0.87602
715	0.87602
716	0.87602
717	0.87602
718	0.87602
719	0.87602
720	0.87602
721	0.87602
722	0.87602
723	0.87602
724	0.87602
725	0.87602
726	0.87602
727	0.87602
728	0.87602
729	0.87602
730	0.87602
731	0.87602
732	0.87602
733	0.87602
734	0.87602
735	0.87602
736	0.87602
737	0.87602
738	0.87602
739	0.87602
740	0.87602
741	0.87602
742	0.87602
743	0.87602
744	0.87602
745	0.87602
746	0.87602
747	0.87602
748	0.87602
749	0.87602
750	0.87602
751	0.87602
752	0.87602
753	0.87602
754	0.87602
755	0.87602
756	0.87602
757	0.87602
758	0.87602
759	0.87602
760	0.87602
761	0.87602
762	0.87602
763	0.87602
764	0.87602
765	0.87602
766	0.87602
767	0.87602
768	0.87602
769	0.87602
770	0.87602
771	0.87602
772	0.87602
773	0.87602
774	0.87602
775	0.87602
776	0.87602
777	0.87602
778	0.87602
779	0.87602
780	0.87602
781	0.87602
782	0.87602
783	0.87602
784	0.87602
785	0.87602
786	0.87602
787	0.87602
788	0.87602
789	0.87602
790	0.87602
791	0.87602
792	0.87602
793	0.87602
794	0.87602
795	0.87602
796	0.87602
797	0.87602
798	0.87602
799	0.87602
800	0.87602
801	0.87602
802	0.87602
803	0.87602
804	0.87602
805	0.87602
806	0.87602
807	0.87602
808	0.87602
809	0.87602
810	0.87602
811	0.87602
812	0.87602
813	0.87602
814	0.87602
815	0.87602
816	0.87602
817	0.87602
818	0.87602
819	0.87602
820	0.87602
821	0.87602
822	0.87602
823	0.87602
824	0.87602
825	0.87602
826	0.87602
827	0.87602
828	0.87602
829	0.87602
830	0.87602
831	0.87602
832	0.87602
833	0.87602
834	0.87602
835	0.87602
836	0.87602
837	0.87602
838	0.87602
839	0.87602
840	0.87602
841	0.87602
842	0.87602
843	0.87602
844	0.87602
845	0.87602
846	0.87602
847	0.87602
848	0.87602
849	0.87602
850	0.87602
851	0.87602
852	0.87602
853	0.87602
854	0.87602
855	0.87602
856	0.87602
857	0.87602
858	0.87602
859	0.87602
860	0.87602
861	0.87602
862	0.87602
863	0.87602
864	0.87602
865	0.87602
866	0.87602
867	0.87602
868	0.87602
869	0.87602
870	0.87602
871	0.87602
872	0.87602
873	0.87602
874	0.87602
875	0.87602
876	0.87602
877	0.87602
878	0.87602
879	0.87602
880	0.87602
881	0.87602
882	0.87602
883	0.87602
884	0.87602
885	0.87602
886	0.87602
887	0.87602
888	0.87602
889	0.87602
890	0.87602
891	0.87602
892	0.87602
893	0.87602
894	0.87602
895	0.87602
896	0.87602
897	0.87602
898	0.87602
899	0.87602
900	0.87602
901	0.87602
902	0.87602
903	0.87602
904	0.87602
905	0.87602
906	0.87602
907	0.87602
908	0.87602
909	0.87602
910	0.87602
911	0.87602
912	0.87602
913	0.87602
914	0.87602
915	0.87602
916	0.87602
917	0.87602
918	0.87602
919	0.87602
920	0.87602
921	0.87602
922	0.87602
923	0.87602
924	0.87602
925	0.87602
926	0.87602
927	0.87602
928	0.87602
929	0.87602
930	0.87602
931	0.87602
932	0.87602
933	0.87602
934	0.87602
935	0.87602
936	0.87602
937	0.87602
938	0.87602
939	0.87602
940	0.87602
941	0.87602
942	0.87602
943	0.87602
944	0.87602
945	0.87602
946	0.87602
947	0.87602
948	0.87602
949	0.87602
950	0.87602
951	0.87602
952	0.87602
953	0.87602
954	0.87602
955	0.87602
956	0.87602
957	0.87602
958	0.87602
959	0.87602
960	0.87602
961	0.87602
962	0.87602
963	0.87602
964	0.87602
965	0.87602
966	0.87602
967	0.87602
968	0.87602
969	0.87602
970	0.87602
971	0.87602
972	0.87602
973	0.87602
974	0.87602
975	0.87602
976	0.87602
977	0.87602
978	0.87602
979	0.87602
980	0.87602
981	0.87602
982	0.87602
983	0.87602
984	0.87602
985	0.87602
986	0.87602
987	0.87602
988	0.87602
989	0.87602
990	0.87602
991	0.87602
992	0.87602
993	0.87602
994	0.87602
995	0.87602
996	0.87602
997	0.87602
998	0.87602
999	0.87602
1000	0.87602
1001	0.87602
1002	0.87602
1003	0.87602
1004	0.87602
1005	0.87602
1006	0.87602
1007	0.87602
1008	0.87602
1009	0.87602
1010	0.87602
1011	0.87602
1012	0.87602
1013	0.87602
1014	0.87602
1015	0.87602
1016	0.87602
1017	0.87602
1018	0.87602
1019	0.87602
1020	0.87602
1021	0.87602
1022	0.87602
1023	0.87602
1024	0.87602
1025	0.87602
1026	0.87602
1027	0.87602
1028	0.87602
1029	0.87602
1030	0.87602
1031	0.87602
1032	0.87602
1033	0.87602
1034	0.87602
1035	0.87602
1036	0.87602
1037	0.87602
1038	0.87602
1039	0.87602
1040	0.87602
1041	0.87602
1042	0.87602
1043	0.87602
1044	0.87602
1045	0.87602
1046	0.87602
1047	0.87602
1048	0.87602
1049	0.87602
1050	0.87602
1051	0.87602
1052	0.87602
1053	0.87602
1054	0.87602
1055	0.87602
1056	0.87602
1057	0.87602
1058	0.87602
1059	0.87602
1060	0.87602
1061	0.87602
1062	0.87602
1063	0.87602
1064	0.87602
1065	0.87602
1066	0.87602
1067	0.87602
1068	0.87602
1069	0.87602
1070	0.87602
1071	0.87602
1072	0.87602
1073	0.87602
1074	0.87602
1075	0.87602
1076	0.87602
1077	0.87602
1078	0.87602
1079	0.87602
1080	0.87602
1081	0.87602
1082	0.87602
1083	0.87602
1084	0.87602
1085	0.87602
1086	0.87602
1087	0.87602
1088	0.87602
1089	0.87602
1090	0.87602
1091	0.87602
1092	0.87602
1093	0.87602
1094	0.87602
1095	0.87602
1096	0.87602
1097	0.87602
1098	0.87602
1099	0.87602
1100	0.87602
1101	0.87602
1102	0.87602
1103	0.87602
1104	0.87602
1105	0.87602
1106	0.87602
1107	0.87602
1108	0.87602
1109	0.87602
1110	0.87602
1111	0.87602
1112	0.87602
1113	0.87602
1114	0.87602
1115	0.87602
1116	0.87602
1117	0.87602
1118	0.87602
1119	0.87602
1120	0.87602
1121	0.87602
1122	0.87602
1123	0.87602
1124	0.87602
1125	0.87602
1126	0.87602
1127	0.87602
1128	0.87602
1129	0.87602
1130	0.87602
1131	0.87602
1132	0.87602
1133	0.87602
1134	0.87602
1135	0.87602
1136	0.87602
1137	0.87602
1138	0.87602
1139	0.87602
1140	0.87602
1141	0.87602
1142	0.87602
1143	0.87602
1144	0.87602
1145	0.87602
1146	0.87602
1147	0.87602
1148	0.87602
1149	0.87602
1150	0.87602
1151	0.87602
1152	0.87602
1153	0.87602
1154	0.87602
1155	0.87602
1156	0.87602
1157	0.87602
1158	0.87602
1159	0.87602
1160	0.87602
1161	0.87602
1162	0.87602
1163	0.87602
1164	0.87602
1165	0.87602
1166	0.87602
1167	0.87602
1168	0.87602
1169	0.87602
1170	0.87602
1171	0.87602
1172	0.87602
1173	0.87602
1174	0.87602
1175	0.87602
1176	0.87602
1177	0.87602
1178	0.87602
1179	0.87602
1180	0.87602
1181	0.87602
1182	0.87602
1183	0.87602
1184	0.87602
1185	0.87602
1186	0.87602
1187	0.87602
1188	0.87602
1189	0.87602
1190	0.87602
1191	0.87602
1192	0.87602
1193	0.87602
1194	0.87602
1195	0.87602
1196	0.87602
1197	0.87602
1198	0.87602
1199	0.87602
1200	0.87602
1201	0.87602
1202	0.87602
1203	0.87602
1204	0.87602
1205	0.87602
1206	0.87602
1207	0.87602
1208	0.87602
1209	0.87602
1210	0.87602
1211	0.87602
1212	0.87602
1213	0.87602
1214	0.87602
1215	0.87602
1216	0.87602
1217	0.87602
1218	0.87602
1219	0.87602
1220	0.87602
1221	0.87602
1222	0.87602
1223	0.87602
1224	0.87602
1225	0.87602
1226	0.87602
1227	0.87602
1228	0.87602
1229	0.87602
1230	0.87602
1231	0.87602
1232	0.87602
1233	0.87602
1234	0.87602
1235	0.87602
1236	0.87602
1237	0.87602
1238	0.87602
1239	0.87602
1240	0.87602
1241	0.87602
1242	0.87602
1243	0.87602
1244	0.87602
1245	0.87602
1246	0.87602
1247	0.87602
1248	0.87602
1249	0.87602
1250	0.87602
1251	0.87602
1252	0.87602
1253	0.87602
1254	0.87602
1255	0.87602
1256	0.87602
1257	0.87602
1258	0.87602
1259	0.87602
1260	0.87602
1261	0.87602
1262	0.87602
1263	0.87602
1264	0.87602
1265	0.87602
1266	0.87602
1267	0.87602
1268	0.87602
1269	0.87602
1270	0.87602
1271	0.87602
1272	0.87602
1273	0.87602
1274	0.87602
1275	0.87602
1276	0.87602
1277	0.87602
1278	0.87602
1279	0.87602
1280	0.87602
1281	0.87602
1282	0.87602
1283	0.87602
1284	0.87602
1285	0.87602
1286	0.87602
1287	0.87602
1288	0.87602
1289	0.87602
1290	0.87602
1291	0.87602
1292	0.87602
1293	0.87602
1294	0.87602
1295	0.87602
1296	0.87602
1297	0.87602
1298	0.87602
1299	0.87602
1300	0.87602
1301	0.87602
1302	0.87602
1303	0.87602
1304	0.87602
1305	0.87602
1306	0.87602
1307	0.87602
1308	0.87602
1309	0.87602
1310	0.87602
1311	0.87602
1312	0.87602
1313	0.87602
1314	0.87602
1315	0.87602
1316	0.87602
1317	0.87602
1318	0.87602
1319	0.87602
1320	0.87602
1321	0.87602
1322	0.87602
1323	0.87602
1324	0.87602
1325	0.87602
1326	0.87602
1327	0.87602
1328	0.87602
1329	0.87602
1330	0.87602
1331	0.87602
1332	0.87602
1333	0.87602
1334	0.87602
1335	0.87602
1336	0.87602
1337	0.87602
1338	0.87602
1339	0.87602
1340	0.87602
1341	0.87602
1342	0.87602
1343	0.87602
1344	0.87602
1345	0.87602
1346	0.87602
1347	0.87602
1348	0.87602
1349	0.87602
1350	0.87602
1351	0.87602
1352	0.87602
1353	0.87602
1354	0.87602
1355	0.87602
1356	0.87602
1357	0.87602
1358	0.87602
1359	0.87602
1360	0.87602
1361	0.87602
1362	0.87602
1363	0.87602
1364	0.87602
1365	0.87602
1366	0.87602
1367	0.87602
1368	0.87602
1369	0.87602
1370	0.87602
1371	0.87602
1372	0.87602
1373	0.87602
1374	0.87602
1375	0.87602
1376	0.87602
1377	0.87602
1378	0.87602
1379	0.87602
1380	0.87602
1381	0.87602
1382	0.87602
1383	0.87602
1384	0.87602
1385	0.87602
1386	0.87602
1387	0.87602
1388	0.87602
1389	0.87602
1390	0.87602
1391	0.87602
1392	0.87602
1393	0.87602
1394	0.87602
1395	0.87602
1396	0.87602
1397	0.87602
1398	0.87602
1399	0.87602
1400	0.87602
1401	0.87602
1402	0.87602
1403	0.87602
1404	0.87602
1405	0.87602
1406	0.87602
1407	0.87602
1408	0.87602
1409	0.87602
1410	0.87602
1411	0.87602
1412	0.87602
1413	0.87602
1414	0.87602
1415	0.87602
1416	0.87602
1417	0.87602
1418	0.87602
1419	0.87602
1420	0.87602
1421	0.87602
1422	0.87602
1423	0.87602
1424	0.87602
1425	0.87602
1426	0.87602
1427	0.87602
1428	0.87602
1429	0.87602
1430	0.87602
1431	0.87602
1432	0.87602
1433	0.87602
1434	0.87602
1435	0.87602
1436	0.87602
1437	0.87602
1438	0.87602
1439	0.87602
1440	0.87602
1441	0.87602
1442	0.87602
1443	0.87602
1444	0.87602
1445	0.87602
1446	0.87602
1447	0.87602
1448	0.87602
1449	0.87602
1450	0.87602
1451	0.87602
1452	0.87602
1453	0.87602
1454	0.87602
1455	0.87602
1456	0.87602
1457	0.87602
1458	0.87602
1459	0.87602
1460	0.87602
1461	0.87602
1462	0.87602
1463	0.87602
1464	0.87602
1465	0.87602
1466	0.87602
1467	0.87602
1468	0.87602
1469	0.87602
1470	0.87602
1471	0.87602
1472	0.87602
1473	0.87602
1474	0.87602
1475	0.87602
1476	0.87602
1477	0.87602
1478	0.87602
1479	0.87602
1480	0.87602
1481	0.87602
1482	0.87602
1483	0.87602
1484	0.87602
1485	0.87602
1486	0.87602
1487	0.87602
1488	0.87602
1489	0.87602
1490	0.87602
1491	0.87602
1492	0.87602
1493	0.87602
1494	0.87602
1495	0.87602
1496	0.87602
1497	0.87602
1498	0.87602
1499	0.87602
1500	0.87602
1501	0.87602
1502	0.87602
1503	0.87602
1504	0.87602
1505	0.87602
1506	0.87602
1507	0.87602
1508	0.87602
1509	0.87602
1510	0.87602
1511	0.87602
1512	0.87602
1513	0.87602
1514	0.87602
1515	0.87602
1516	0.87602
1517	0.87602
1518	0.87602
1519	0.87602
1520	0.87602
1521	0.87602
1522	0.87602
1523	0.87602
1524	0.87602
1525	0.87602
1526	0.87602
1527	0.87602
1528	0.87602
1529	0.87602
1530	0.87602
1531	0.87602
1532	0.87602
1533	0.87602
1534	0.87602
1535	0.87602
1536	0.87602
1537	0.87602
1538	0.87602
1539	0.87602
1540	0.87602
1541	0.87602
1542	0.87602
1543	0.87602
1544	0.87602
1545	0.87602
1546	0.87602
1547	0.87602
1548	0.87602
1549	0.87602
1550	0.87602
1551	0.87602
1552	0.87602
1553	0.87602
1554	0.87602
1555	0.87602
1556	0.87602
1557	0.87602
1558	0.87602
1559	0.87602
1560	0.87602
1561	0.87602
1562	0.87602
1563	0.87602
1564	0.87602
1565	0.87602
1566	0.87602
1567	0.87602
1568	0.87602
1569	0.87602
1570	0.87602
1571	0.87602
1572	0.87602
1573	0.87602
1574	0.87602
1575	0.87602
1576	0.87602
1577	0.87602
1578	0.87602
1579	0.87602
1580	0.87602
1581	0.87602
1582	0.87602
1583	0.87602
1584	0.87602
1585	0.87602
1586	0.87602
1587	0.87602
1588	0.87602
1589	0.87602
1590	0.87602
1591	0.87602
1592	0.87602
1593	0.87602
1594	0.87602
1595	0.87602
1596	0.87602
1597	0.87602
1598	0.87602
1599	0.87602
1600	0.87602
1601	0.87602
1602	0.87602
1603	0.87602
1604	0.87602
1605	0.87602
1606	0.87602
1607	0.87602
1608	0.87602
1609	0.87602
1610	0.87602
1611	0.87602
1612	0.87602
1613	0.87602
1614	0.87602
1615	0.87602
1616	0.87602
1617	0.87602
1618	0.87602
1619	0.87602
1620	0.87602
1621	0.87602
1622	0.87602
1623	0.87602
1624	0.87602
1625	0.87602
1626	0.87602
1627	0.87602
1628	0.87602
1629	0.87602
1630	0.87602
1631	0.87602
1632	0.87602
1633	0.87602
1634	0.87602
1635	0.876941
1636	0.876941
1637	0.876941
1638	0.876941
1639	0.876941
1640	0.876941
1641	0.876941
1642	0.876941
1643	0.876941
1644	0.876941
1645	0.876941
1646	0.876941
1647	0.876941
1648	0.876941
1649	0.876941
1650	0.876941
1651	0.876941
1652	0.876941
1653	0.876941
1654	0.876941
1655	0.876941
1656	0.876941
1657	0.876941
1658	0.876941
1659	0.876941
1660	0.876941
1661	0.876941
1662	0.876941
1663	0.876941
1664	0.876941
1665	0.876941
1666	0.876941
1667	0.876941
1668	0.876941
1669	0.876941
1670	0.876941
1671	0.876941
1672	0.876941
1673	0.877402
1674	0.877402
1675	0.877402
1676	0.877402
1677	0.877402
1678	0.877402
1679	0.877402
1680	0.877402
1681	0.877402
1682	0.877402
1683	0.877402
1684	0.877402
1685	0.888464
1686	0.892612
1687	0.892612
1688	0.892612
1689	0.892612
1690	0.892612
1691	0.892612
1692	0.892612
1693	0.892612
1694	0.895838
1695	0.895838
1696	0.895838
1697	0.895838
1698	0.895838
1699	0.895838
1700	0.895838
1701	0.895838
1702	0.895838
1703	0.895838
1704	0.895838
1705	0.895838
1706	0.895838
1707	0.895838
1708	0.895838
1709	0.895838
1710	0.895838
1711	0.895838
1712	0.895838
1713	0.895838
1714	0.895838
1715	0.895838
1716	0.895838
1717	0.895838
1718	0.916117
1719	0.916117
1720	0.916117
1721	0.916117
1722	0.916117
1723	0.916117
1724	0.916117
1725	0.916117
1726	0.916117
1727	0.916117
1728	0.916117
1729	0.916117
1730	0.916117
1731	0.916117
1732	0.916117
1733	0.916117
1734	0.916117
1735	0.916117
1736	0.916117
1737	0.916117
1738	0.916117
1739	0.916117
1740	0.916117
1741	0.916117
1742	0.916117
1743	0.916117
1744	0.916117
1745	0.916117
1746	0.916117
1747	0.916117
1748	0.916117
1749	0.916117
1750	0.916117
1751	0.916117
1752	0.916117
1753	0.916117
1754	0.916117
1755	0.916117
1756	0.916117
1757	0.916117
1758	0.916117
1759	0.916117
1760	0.916117
1761	0.916117
1762	0.916117
1763	0.916117
1764	0.916117
1765	0.916117
1766	0.916117
1767	0.916117
1768	0.916117
1769	0.916117
1770	0.916117
1771	0.916117
1772	0.916117
1773	0.916117
1774	0.916117
1775	0.916117
1776	0.916117
1777	0.916117
1778	0.916117
1779	0.916117
1780	0.916117
1781	0.916117
1782	0.916117
1783	0.916117
1784	0.916117
1785	0.916117
1786	0.916117
1787	0.916117
1788	0.916117
1789	0.916117
1790	0.916117
1791	0.916117
1792	0.916117
1793	0.916117
1794	0.916117
1795	0.916117
1796	0.916117
1797	0.916117
1798	0.916117
1799	0.916117
1800	0.916117
1801	0.916117
1802	0.916117
1803	0.916117
1804	0.916117
1805	0.916117
1806	0.916117
1807	0.916117
1808	0.916117
1809	0.916117
1810	0.916117
1811	0.916117
1812	0.916117
1813	0.916117
1814	0.916117
1815	0.916117
1816	0.916117
1817	0.916117
1818	0.916117
1819	0.916117
1820	0.916117
1821	0.916117
1822	0.916117
1823	0.916117
1824	0.916117
1825	0.916117
1826	0.916117
1827	0.916117
1828	0.916117
1829	0.916117
1830	0.916117
1831	0.916117
1832	0.916117
1833	0.916117
1834	0.916117
1835	0.916117
1836	0.916117
1837	0.916117
1838	0.916117
1839	0.916117
1840	0.916117
1841	0.916117
1842	0.916117
1843	0.916117
1844	0.916117
1845	0.916117
1846	0.916117
1847	0.916117
1848	0.916117
1849	0.916117
1850	0.916117
1851	0.916117
1852	0.916117
1853	0.916117
1854	0.916117
1855	0.916117
1856	0.916117
1857	0.916117
1858	0.916117
1859	0.916117
1860	0.916117
1861	0.916117
1862	0.916117
1863	0.916117
1864	0.916117
1865	0.916117
1866	0.916117
1867	0.916117
1868	0.916117
1869	0.916117
1870	0.916117
1871	0.916117
1872	0.916117
1873	0.916117
1874	0.916117
1875	0.916117
1876	0.916117
1877	0.916117
1878	0.916117
1879	0.916117
1880	0.916117
1881	0.916117
1882	0.937779
1883	0.937779
1884	0.937779
1885	0.937779
1886	0.937779
1887	0.937779
1888	0.937779
1889	0.937779
1890	0.937779
1891	0.937779
1892	0.937779
1893	0.937779
1894	0.937779
1895	0.937779
1896	0.937779
1897	0.937779
1898	0.937779
1899	0.937779
1900	0.937779
1901	0.937779
1902	0.937779
1903	0.937779
1904	0.937779
1905	0.937779
1906	0.937779
1907	0.937779
1908	0.937779
1909	0.937779
1910	0.937779
1911	0.937779
1912	0.937779
1913	0.937779
1914	0.937779
1915	0.937779
1916	0.937779
1917	0.937779
1918	0.937779
1919	0.937779
1920	0.937779
1921	0.937779
1922	0.937779
1923	0.937779
1924	0.937779
1925	0.937779
1926	0.937779
1927	0.937779
1928	0.937779
1929	0.937779
1930	0.937779
1931	0.937779
1932	0.937779
1933	0.937779
1934	0.937779
1935	0.937779
1936	0.937779
1937	0.937779
1938	0.937779
1939	0.937779
1940	0.937779
1941	0.937779
1942	0.937779
1943	0.937779
1944	0.937779
1945	0.937779
1946	0.937779
1947	0.937779
1948	0.937779
1949	0.937779
1950	0.937779
1951	0.937779
1952	0.937779
1953	0.937779
1954	0.937779
1955	0.937779
1956	0.937779
1957	0.937779
1958	0.937779
1959	0.937779
1960	0.937779
1961	0.937779
1962	0.937779
1963	0.937779
1964	0.937779
1965	0.937779
1966	0.937779
1967	0.937779
1968	0.937779
1969	0.937779
1970	0.937779
1971	0.937779
1972	0.937779
1973	0.937779
1974	0.937779
1975	0.937779
1976	0.937779
1977	0.937779
1978	0.937779
1979	0.937779
1980	0.937779
1981	0.937779
1982	0.937779
1983	0.937779
1984	0.937779
1985	0.937779
1986	0.937779
1987	0.937779
1988	0.937779
1989	0.937779
1990	0.937779
1991	0.937779
1992	0.937779
1993	0.937779
1994	0.937779
1995	0.937779
1996	0.937779
1997	0.937779
1998	0.937779
1999	0.937779
2000	0.937779
2001	0.937779
2002	0.937779
2003	0.937779
2004	0.937779
2005	0.937779
2006	0.937779
2007	0.937779
2008	0.937779
2009	0.937779
2010	0.937779
2011	0.937779
2012	0.937779
2013	0.937779
2014	0.937779
2015	0.937779
2016	0.937779
2017	0.937779
2018	0.937779
2019	0.937779
2020	0.937779
2021	0.937779
2022	0.937779
2023	0.937779
2024	0.937779
2025	0.937779
2026	0.937779
2027	0.937779
2028	0.937779
2029	0.937779
2030	0.937779
2031	0.937779
2032	0.937779
2033	0.937779
2034	0.937779
2035	0.937779
2036	0.937779
2037	0.937779
2038	0.937779
2039	0.937779
2040	0.937779
2041	0.937779
2042	0.937779
2043	0.937779
2044	0.937779
2045	0.937779
2046	0.937779
2047	0.937779
2048	0.937779
2049	0.937779
2050	0.937779
2051	0.937779
2052	0.937779
2053	0.937779
2054	0.937779
2055	0.937779
2056	0.937779
2057	0.937779
2058	0.937779
2059	0.937779
2060	0.937779
2061	0.937779
2062	0.937779
2063	0.937779
2064	0.937779
2065	0.937779
2066	0.937779
2067	0.937779
2068	0.937779
2069	0.937779
2070	0.937779
2071	0.937779
2072	0.937779
2073	0.937779
2074	0.937779
2075	0.937779
2076	0.937779
2077	0.937779
2078	0.937779
2079	0.937779
2080	0.937779
2081	0.937779
2082	0.937779
2083	0.937779
2084	0.937779
2085	0.937779
2086	0.937779
2087	0.937779
2088	0.937779
2089	0.937779
2090	0.937779
2091	0.937779
2092	0.937779
2093	0.937779
2094	0.937779
2095	0.937779
2096	0.937779
2097	0.937779
2098	0.937779
2099	0.937779
2100	0.937779
2101	0.937779
2102	0.937779
2103	0.937779
2104	0.937779
2105	0.937779
2106	0.937779
2107	0.937779
2108	0.937779
2109	0.937779
2110	0.937779
2111	0.937779
2112	0.937779
2113	0.937779
2114	0.937779
2115	0.937779
2116	0.937779
2117	0.937779
2118	0.937779
2119	0.937779
2120	0.937779
2121	0.937779
2122	0.937779
2123	0.937779
2124	0.937779
2125	0.937779
2126	0.937779
2127	0.937779
2128	0.937779
2129	0.937779
2130	0.937779
2131	0.937779
2132	0.937779
2133	0.937779
2134	0.937779
2135	0.937779
2136	0.937779
2137	0.937779
2138	0.937779
2139	0.937779
2140	0.937779
2141	0.937779
2142	0.937779
2143	0.937779
2144	0.937779
2145	0.937779
2146	0.937779
2147	0.937779
2148	0.937779
2149	0.937779
2150	0.937779
2151	0.937779
2152	0.937779
2153	0.937779
2154	0.937779
2155	0.937779
2156	0.937779
2157	0.937779
2158	0.937779
2159	0.937779
2160	0.937779
2161	0.937779
2162	0.937779
2163	0.937779
2164	0.937779
2165	0.937779
2166	0.937779
2167	0.937779
2168	0.937779
2169	0.937779
2170	0.937779
2171	0.937779
2172	0.937779
2173	0.937779
2174	0.937779
2175	0.937779
2176	0.937779
2177	0.937779
2178	0.937779
2179	0.937779
2180	0.937779
2181	0.937779
2182	0.937779
2183	0.937779
2184	0.937779
2185	0.937779
2186	0.937779
2187	0.937779
2188	0.937779
2189	0.937779
2190	0.937779
2191	0.937779
2192	0.937779
2193	0.937779
2194	0.937779
2195	0.937779
2196	0.937779
2197	0.937779
2198	0.937779
2199	0.937779
2200	0.937779
2201	0.937779
2202	0.937779
2203	0.937779
2204	0.937779
2205	0.937779
2206	0.937779
2207	0.937779
2208	0.937779
2209	0.937779
2210	0.937779
2211	0.937779
2212	0.937779
2213	0.937779
2214	0.937779
2215	0.937779
2216	0.937779
2217	0.937779
2218	0.937779
2219	0.937779
2220	0.937779
2221	0.937779
2222	0.937779
2223	0.937779
2224	0.937779
2225	0.937779
2226	0.937779
2227	0.937779
2228	0.937779
2229	0.937779
2230	0.937779
2231	0.937779
2232	0.937779
2233	0.937779
2234	0.937779
2235	0.937779
2236	0.937779
2237	0.937779
2238	0.937779
2239	0.937779
2240	0.937779
2241	0.937779
2242	0.937779
2243	0.937779
2244	0.937779
2245	0.937779
2246	0.937779
2247	0.937779
2248	0.937779
2249	0.937779
2250	0.937779
2251	0.937779
2252	0.937779
2253	0.937779
2254	0.937779
2255	0.937779
2256	0.937779
2257	0.937779
2258	0.937779
2259	0.937779
2260	0.937779
2261	0.937779
2262	0.937779
2263	0.937779
2264	0.937779
2265	0.937779
2266	0.937779
2267	0.937779
2268	0.937779
2269	0.937779
2270	0.937779
2271	0.937779
2272	0.937779
2273	0.937779
2274	0.937779
2275	0.937779
2276	0.937779
2277	0.937779
2278	0.937779
2279	0.937779
2280	0.937779
2281	0.937779
2282	0.937779
2283	0.937779
2284	0.937779
2285	0.937779
2286	0.937779
2287	0.937779
2288	0.937779
2289	0.937779
2290	0.937779
2291	0.937779
2292	0.937779
2293	0.937779
2294	0.937779
2295	0.937779
2296	0.937779
2297	0.937779
2298	0.937779
2299	0.937779
2300	0.937779
2301	0.937779
2302	0.937779
2303	0.937779
2304	0.937779
2305	0.937779
2306	0.937779
2307	0.937779
2308	0.937779
2309	0.937779
2310	0.937779
2311	0.937779
2312	0.937779
2313	0.937779
2314	0.937779
2315	0.937779
2316	0.937779
2317	0.937779
2318	0.937779
2319	0.937779
2320	0.937779
2321	0.937779
2322	0.937779
2323	0.937779
2324	0.937779
2325	0.937779
2326	0.937779
2327	0.937779
2328	0.937779
2329	0.937779
2330	0.937779
2331	0.937779
2332	0.937779
2333	0.937779
2334	0.937779
2335	0.937779
2336	0.937779
2337	0.937779
2338	0.937779
2339	0.937779
2340	0.937779
2341	0.937779
2342	0.937779
2343	0.937779
2344	0.937779
2345	0.937779
2346	0.937779
2347	0.937779
2348	0.937779
2349	0.937779
2350	0.937779
2351	0.937779
2352	0.937779
2353	0.937779
2354	0.937779
2355	0.937779
2356	0.937779
2357	0.937779
2358	0.937779
2359	0.937779
2360	0.937779
2361	0.937779
2362	0.937779
2363	0.937779
2364	0.937779
2365	0.937779
2366	0.937779
2367	0.937779
2368	0.937779
2369	0.937779
2370	0.937779
2371	0.937779
2372	0.937779
2373	0.937779
2374	0.937779
2375	0.937779
2376	0.937779
2377	0.937779
2378	0.937779
2379	0.937779
2380	0.937779
2381	0.937779
2382	0.937779
2383	0.937779
2384	0.937779
2385	0.937779
2386	0.937779
2387	0.937779
2388	0.937779
2389	0.937779
2390	0.937779
2391	0.937779
2392	0.937779
2393	0.937779
2394	0.937779
2395	0.937779
2396	0.937779
2397	0.937779
2398	0.937779
2399	0.937779
2400	0.937779
2401	0.937779
2402	0.937779
2403	0.937779
2404	0.937779
2405	0.937779
2406	0.937779
2407	0.937779
2408	0.937779
2409	0.937779
2410	0.937779
2411	0.937779
2412	0.937779
2413	0.937779
2414	0.937779
2415	0.937779
2416	0.937779
2417	0.937779
2418	0.937779
2419	0.937779
2420	0.937779
2421	0.937779
2422	0.937779
2423	0.937779
2424	0.937779
2425	0.937779
2426	0.937779
2427	0.937779
2428	0.937779
2429	0.937779
2430	0.937779
2431	0.937779
2432	0.937779
2433	0.937779
2434	0.937779
2435	0.937779
2436	0.937779
2437	0.937779
2438	0.937779
2439	0.937779
2440	0.937779
2441	0.937779
2442	0.937779
2443	0.937779
2444	0.937779
2445	0.937779
2446	0.937779
2447	0.937779
2448	0.937779
2449	0.937779
2450	0.937779
2451	0.937779
2452	0.937779
2453	0.937779
2454	0.937779
2455	0.937779
2456	0.937779
2457	0.937779
2458	0.937779
2459	0.937779
2460	0.937779
2461	0.937779
2462	0.937779
2463	0.937779
2464	0.937779
2465	0.957137
2466	0.957137
2467	0.957137
2468	0.957137
2469	0.957137
2470	0.957137
2471	0.957137
2472	0.957137
2473	0.957137
2474	0.957137
2475	0.957137
2476	0.957137
2477	0.957137
2478	0.957137
2479	0.957137
2480	0.957137
2481	0.957137
2482	0.957137
2483	0.957137
2484	0.957137
2485	0.957137
2486	0.957137
2487	0.957137
2488	0.957137
2489	0.957137
2490	0.957137
2491	0.957137
2492	0.957137
2493	0.957137
2494	0.957137
2495	0.957137
2496	0.957137
2497	0.957137
2498	0.957137
2499	0.957137
2500	0.957137
2501	0.957137
2502	0.957137
2503	0.957137
2504	0.957137
2505	0.957137
2506	0.957137
2507	0.957137
2508	0.957137
2509	0.957137
2510	0.957137
2511	0.957137
2512	0.957137
2513	0.957137
2514	0.957137
2515	0.957137
2516	0.957137
2517	0.957137
2518	0.957137
2519	0.957137
2520	0.957137
2521	0.957137
2522	0.957137
2523	0.957137
2524	0.957137
2525	0.957137
2526	0.957137
2527	0.957137
2528	0.957137
2529	0.957137
2530	0.957137
2531	0.957137
2532	0.957137
2533	0.957137
2534	0.957137
2535	0.957137
2536	0.957137
2537	0.957137
2538	0.957137
2539	0.957137
2540	0.957137
2541	0.957137
2542	0.957137
2543	0.957137
2544	0.957137
2545	0.957137
2546	0.957137
2547	0.957137
2548	0.957137
2549	0.957137
2550	0.957137
2551	0.957137
2552	0.957137
2553	0.957137
2554	0.957137
2555	0.957137
2556	0.957137
2557	0.957137
2558	0.957137
2559	0.957137
2560	0.957137
2561	0.957137
2562	0.957137
2563	0.957137
2564	0.957137
2565	0.957137
2566	0.957137
2567	0.957137
2568	0.957137
2569	0.957137
2570	0.957137
2571	0.957137
2572	0.957137
2573	0.957137
2574	0.957137
2575	0.957137
2576	0.957137
2577	0.957137
2578	0.957137
2579	0.957137
2580	0.957137
2581	0.957137
2582	0.957137
2583	0.957137
2584	0.957137
2585	0.957137
2586	0.957137
2587	0.957137
2588	0.957137
2589	0.957137
2590	0.957137
2591	0.957137
2592	0.957137
2593	0.957137
2594	0.957137
2595	0.957137
2596	0.957137
2597	0.957137
2598	0.957137
2599	0.957137
2600	0.957137
2601	0.957137
2602	0.957137
2603	0.957137
2604	0.957137
2605	0.957137
2606	0.957137
2607	0.957137
2608	0.957137
2609	0.957137
2610	0.957137
2611	0.957137
2612	0.957137
2613	0.957137
2614	0.957137
2615	0.957137
2616	0.957137
2617	0.957137
2618	0.957137
2619	0.957137
2620	0.957137
2621	0.957137
2622	0.957137
2623	0.957137
2624	0.957137
2625	0.957137
2626	0.957137
2627	0.957137
2628	0.957137
2629	0.957137
2630	0.957137
2631	0.957137
2632	0.957137
2633	0.957137
2634	0.957137
2635	0.957137
2636	0.957137
2637	0.957137
2638	0.957137
2639	0.957137
2640	0.957137
2641	0.957137
2642	0.957137
2643	0.957137
2644	0.957137
2645	0.957137
2646	0.957137
2647	0.957137
2648	0.957137
2649	0.957137
2650	0.957137
2651	0.957137
2652	0.957137
2653	0.957137
2654	0.957137
2655	0.957137
2656	0.957137
2657	0.957137
2658	0.957137
2659	0.957137
2660	0.957137
2661	0.957137
2662	0.957137
2663	0.957137
2664	0.957137
2665	0.957137
2666	0.957137
2667	0.957137
2668	0.957137
2669	0.957137
2670	0.957137
2671	0.957137
2672	0.957137
2673	0.957137
2674	0.957137
2675	0.957137
2676	0.957137
2677	0.957137
2678	0.957137
2679	0.957137
2680	0.957137
2681	0.957137
2682	0.957137
2683	0.957137
2684	0.957137
2685	0.957137
2686	0.957137
2687	0.957137
2688	0.957137
2689	0.957137
2690	0.957137
2691	0.957137
2692	0.957137
2693	0.957137
2694	0.957137
2695	0.957137
2696	0.957137
2697	0.957137
2698	0.957137
2699	0.957137
2700	0.957137
2701	0.957137
2702	0.957137
2703	0.957137
2704	0.957137
2705	0.957137
2706	0.957137
2707	0.957137
2708	0.957137
2709	0.957137
2710	0.957137
2711	0.957137
2712	0.957137
2713	0.957137
2714	0.957137
2715	0.957137
2716	0.957137
2717	0.957137
2718	0.957137
2719	0.957137
2720	0.957137
2721	0.957137
2722	0.957137
2723	0.957137
2724	0.957137
2725	0.957137
2726	0.957137
2727	0.957137
2728	0.957137
2729	0.957137
2730	0.957137
2731	0.957137
2732	0.957137
2733	0.957137
2734	0.957137
2735	0.957137
2736	0.957137
2737	0.957137
2738	0.957137
2739	0.957137
2740	0.957137
2741	0.957137
2742	0.957137
2743	0.957137
2744	0.957137
2745	0.957137
2746	0.957137
2747	0.957137
2748	0.957137
2749	0.957137
2750	0.957137
2751	0.957137
2752	0.957137
2753	0.957137
2754	0.957137
2755	0.957137
2756	0.957137
2757	0.957137
2758	0.957137
2759	0.957137
2760	0.957137
2761	0.957137
2762	0.957137
2763	0.957137
2764	0.957137
2765	0.957137
2766	0.957137
2767	0.957137
2768	0.957137
2769	0.957137
2770	0.957137
2771	0.957137
2772	0.957137
2773	0.957137
2774	0.957137
2775	0.957137
2776	0.957137
2777	0.957137
2778	0.957137
2779	0.957137
2780	0.957137
2781	0.957137
2782	0.957137
2783	0.957137
2784	0.957137
2785	0.957137
2786	0.957137
2787	0.957137
2788	0.957137
2789	0.957137
2790	0.957137
2791	0.957137
2792	0.957137
2793	0.957137
2794	0.957137
2795	0.957137
2796	0.957137
2797	0.957137
2798	0.957137
2799	0.957137
2800	0.957137
2801	0.957137
2802	0.957137
2803	0.957137
2804	0.957137
2805	0.957137
2806	0.957137
2807	0.957137
2808	0.957137
2809	0.957137
2810	0.957137
2811	0.957137
2812	0.957137
2813	0.957137
2814	0.957137
2815	0.957137
2816	0.957137
2817	0.957137
2818	0.957137
2819	0.957137
2820	0.957137
2821	0.957137
2822	0.957137
2823	0.957137
2824	0.957137
2825	0.957137
2826	0.957137
2827	0.957137
2828	0.957137
2829	0.957137
2830	0.957137
2831	0.957137
2832	0.957137
2833	0.957137
2834	0.957137
2835	0.957137
2836	0.957137
2837	0.957137
2838	0.957137
2839	0.957137
2840	0.957137
2841	0.957137
2842	0.957137
2843	0.957137
2844	0.957137
2845	0.957137
2846	0.957137
2847	0.957137
2848	0.957137
2849	0.957137
2850	0.957137
2851	0.957137
2852	0.957137
2853	0.957137
2854	0.957137
2855	0.957137
2856	0.957137
2857	0.957137
2858	0.957137
2859	0.957137
2860	0.957137
2861	0.957137
2862	0.957137
2863	0.957137
2864	0.957137
2865	0.957137
2866	0.957137
2867	0.957137
2868	0.957137
2869	0.957137
2870	0.957137
2871	0.957137
2872	0.957137
2873	0.957137
2874	0.957137
2875	0.957137
2876	0.957137
2877	0.957137
2878	0.957137
2879	0.957137
2880	0.957137
2881	0.957137
2882	0.957137
2883	0.957137
2884	0.957137
2885	0.957137
2886	0.957137
2887	0.957137
2888	0.957137
2889	0.957137
2890	0.957137
2891	0.957137
2892	0.957137
2893	0.957137
2894	0.957137
2895	0.957137
2896	0.957137
2897	0.957137
2898	0.957137
2899	0.957137
2900	0.957137
2901	0.957137
2902	0.957137
2903	0.957137
2904	0.957137
2905	0.957137
2906	0.957137
2907	0.957137
2908	0.957137
2909	0.957137
2910	0.957137
2911	0.957137
2912	0.957137
2913	0.957137
2914	0.957137
2915	0.957137
2916	0.957137
2917	0.957137
2918	0.957137
2919	0.957137
2920	0.957137
2921	0.957137
2922	0.957137
2923	0.957137
2924	0.957137
2925	0.957137
2926	0.957137
2927	0.957137
2928	0.957137
2929	0.957137
2930	0.957137
2931	0.957137
2932	0.957137
2933	0.957137
2934	0.957137
2935	0.957137
2936	0.957137
2937	0.957137
2938	0.957137
2939	0.957137
2940	0.957137
2941	0.957137
2942	0.957137
2943	0.957137
2944	0.957137
2945	0.957137
2946	0.957137
2947	0.957137
2948	0.957137
2949	0.957137
2950	0.957137
2951	0.957137
2952	0.957137
2953	0.957137
2954	0.957137
2955	0.957137
2956	0.957137
2957	0.957137
2958	0.957137
2959	0.957137
2960	0.957137
2961	0.957137
2962	0.957137
2963	0.957137
2964	0.957137
2965	0.957137
2966	0.957137
2967	0.957137
2968	0.957137
2969	0.957137
2970	0.957137
2971	0.957137
2972	0.957137
2973	0.957137
2974	0.957137
2975	0.957137
2976	0.957137
2977	0.957137
2978	0.957137
2979	0.957137
2980	0.957137
2981	0.957137
2982	0.957137
2983	0.957137
2984	0.957137
2985	0.957137
2986	0.957137
2987	0.957137
2988	0.957137
2989	0.957137
2990	0.957137
2991	0.957137
2992	0.957137
2993	0.957137
2994	0.957137
2995	0.957137
2996	0.957137
2997	0.957137
2998	0.957137
2999	0.957137
3000	0.957137
3001	0.957137
3002	0.957137
3003	0.957137
3004	0.957137
3005	0.957137
3006	0.957137
3007	0.957137
3008	0.957137
3009	0.957137
3010	0.957137
3011	0.957137
3012	0.957137
3013	0.957137
3014	0.957137
3015	0.957137
3016	0.957137
3017	0.957137
3018	0.957137
3019	0.957137
3020	0.957137
3021	0.957137
3022	0.957137
3023	0.957137
3024	0.957137
3025	0.957137
3026	0.957137
3027	0.957137
3028	0.957137
3029	0.957137
3030	0.957137
3031	0.957137
3032	0.957137
3033	0.957137
3034	0.957137
3035	0.957137
3036	0.957137
3037	0.957137
3038	0.957137
3039	0.957137
3040	0.957137
3041	0.957137
3042	0.957137
3043	0.957137
3044	0.957137
3045	0.957137
3046	0.957137
3047	0.957137
3048	0.957137
3049	0.957137
3050	0.957137
3051	0.957137
3052	0.957137
3053	0.957137
3054	0.957137
3055	0.957137
3056	0.957137
3057	0.957137
3058	0.957137
3059	0.957137
3060	0.957137
3061	0.957137
3062	0.957137
3063	0.957137
3064	0.957137
3065	0.957137
3066	0.957137
3067	0.957137
3068	0.957137
3069	0.957137
3070	0.957137
3071	0.957137
3072	0.957137
3073	0.957137
3074	0.957137
3075	0.957137
3076	0.957137
3077	0.957137
3078	0.957137
3079	0.957137
3080	0.957137
3081	0.957137
3082	0.957137
3083	0.957137
3084	0.957137
3085	0.957137
3086	0.957137
3087	0.957137
3088	0.957137
3089	0.957137
3090	0.957137
3091	0.957137
3092	0.957137
3093	0.957137
3094	0.957137
3095	0.957137
3096	0.957137
3097	0.957137
3098	0.957137
3099	0.957137
3100	0.957137
3101	0.957137
3102	0.957137
3103	0.957137
3104	0.957137
3105	0.957137
3106	0.957137
3107	0.957137
3108	0.957137
3109	0.957137
3110	0.957137
3111	0.957137
3112	0.957137
3113	0.957137
3114	0.957137
3115	0.957137
3116	0.957137
3117	0.957137
3118	0.957137
3119	0.957137
3120	0.957137
3121	0.957137
3122	0.957137
3123	0.957137
3124	0.957137
3125	0.957137
3126	0.957137
3127	0.957137
3128	0.957137
3129	0.957137
3130	0.957137
3131	0.957137
3132	0.957137
3133	0.957137
3134	0.957137
3135	0.957137
3136	0.957137
3137	0.957137
3138	0.957137
3139	0.957137
3140	0.957137
3141	0.957137
3142	0.957137
3143	0.957137
3144	0.957137
3145	0.957137
3146	0.957137
3147	0.957137
3148	0.957137
3149	0.957137
3150	0.957137
3151	0.957137
3152	0.957137
3153	0.957137
3154	0.957137
3155	0.957137
3156	0.957137
3157	0.957137
3158	0.957137
3159	0.957137
3160	0.957137
3161	0.957137
3162	0.957137
3163	0.957137
3164	0.957137
3165	0.957137
3166	0.957137
3167	0.957137
3168	0.957137
3169	0.957137
3170	0.957137
3171	0.957137
3172	0.957137
3173	0.957137
3174	0.957137
3175	0.957137
3176	0.957137
3177	0.957137
3178	0.957137
3179	0.957137
3180	0.957137
3181	0.957137
3182	0.957137
3183	0.957137
3184	0.957137
3185	0.957137
3186	0.957137
3187	0.957137
3188	0.957137
3189	0.957137
3190	0.957137
3191	0.957137
3192	0.957137
3193	0.957137
3194	0.957137
3195	0.957137
3196	0.957137
3197	0.957137
3198	0.957137
3199	0.957137
3200	0.957137
3201	0.957137
3202	0.957137
3203	0.957137
3204	0.957137
3205	0.957137
3206	0.957137
3207	0.957137
3208	0.957137
3209	0.957137
3210	0.957137
3211	0.957137
3212	0.957137
3213	0.957137
3214	0.957137
3215	0.957137
3216	0.957137
3217	0.957137
3218	0.957137
3219	0.957137
3220	0.957137
3221	0.957137
3222	0.957137
3223	0.957137
3224	0.957137
3225	0.957137
3226	0.957137
3227	0.957137
3228	0.957137
3229	0.957137
3230	0.957137
3231	0.957137
3232	0.957137
3233	0.957137
3234	0.957137
3235	0.957137
3236	0.957137
3237	0.957137
3238	0.957137
3239	0.957137
3240	0.957137
3241	0.957137
3242	0.957137
3243	0.957137
3244	0.957137
3245	0.957137
3246	0.957137
3247	0.957137
3248	0.957137
3249	0.957137
3250	0.957137
3251	0.957137
3252	0.957137
3253	0.957137
3254	0.957137
3255	0.957137
3256	0.957137
3257	0.957137
3258	0.957137
3259	0.957137
3260	0.957137
3261	0.957137
3262	0.957137
3263	0.957137
3264	0.957137
3265	0.957137
3266	0.957137
3267	0.957137
3268	0.957137
3269	0.957137
3270	0.957137
3271	0.957137
3272	0.957137
3273	0.957137
3274	0.957137
3275	0.957137
3276	0.957137
3277	0.957137
3278	0.957137
3279	0.957137
3280	0.957137
3281	0.957137
3282	0.957137
3283	0.957137
3284	0.957137
3285	0.957137
3286	0.957137
3287	0.957137
3288	0.957137
3289	0.957137
3290	0.957137
3291	0.957137
3292	0.957137
3293	0.957137
3294	0.957137
3295	0.957137
3296	0.957137
3297	0.957137
3298	0.957137
3299	0.957137
3300	0.957137
3301	0.957137
3302	0.957137
3303	0.957137
3304	0.957137
3305	0.957137
3306	0.957137
3307	0.957137
3308	0.957137
3309	0.957137
3310	0.957137
3311	0.957137
3312	0.957137
3313	0.957137
3314	0.957137
3315	0.957137
3316	0.957137
3317	0.957137
3318	0.957137
3319	0.957137
3320	0.957137
3321	0.957137
3322	0.957137
3323	0.957137
3324	0.957137
3325	0.957137
3326	0.957137
3327	0.957137
3328	0.957137
3329	0.957137
3330	0.957137
3331	0.957137
3332	0.957137
3333	0.957137
3334	0.957137
3335	0.957137
3336	0.957137
3337	0.957137
3338	0.957137
3339	0.957137
3340	0.957137
3341	0.957137
3342	0.957137
3343	0.957137
3344	0.957137
3345	0.957137
3346	0.957137
3347	0.957137
3348	0.957137
3349	0.957137
3350	0.957137
3351	0.957137
3352	0.957137
3353	0.957137
3354	0.957137
3355	0.957137
3356	0.957137
3357	0.957137
3358	0.957137
3359	0.957137
3360	0.957137
3361	0.957137
3362	0.957137
3363	0.957137
3364	0.957137
3365	0.957137
3366	0.957137
3367	0.957137
3368	0.957137
3369	0.957137
3370	0.957137
3371	0.957137
3372	0.957137
3373	0.957137
3374	0.957137
3375	0.957137
3376	0.957137
3377	0.957137
3378	0.957137
3379	0.957137
3380	0.957137
3381	0.957137
3382	0.957137
3383	0.957137
3384	0.957137
3385	0.957137
3386	0.957137
3387	0.957137
3388	0.957137
3389	0.957137
3390	0.957137
3391	0.957137
3392	0.957137
3393	0.957137
3394	0.957137
3395	0.957137
3396	0.957137
3397	0.957137
3398	0.957137
3399	0.957137
3400	0.957137
3401	0.957137
3402	0.957137
3403	0.957137
3404	0.957137
3405	0.957137
3406	0.957137
3407	0.957137
3408	0.957137
3409	0.957137
3410	0.957137
3411	0.957137
3412	0.957137
3413	0.957137
3414	0.957137
3415	0.957137
3416	0.957137
3417	0.957137
3418	0.957137
3419	0.957137
3420	0.957137
3421	0.957137
3422	0.957137
3423	0.957137
3424	0.957137
3425	0.957137
3426	0.957137
3427	0.957137
3428	0.957137
3429	0.957137
3430	0.957137
3431	0.957137
3432	0.957137
3433	0.957137
3434	0.957137
3435	0.957137
3436	0.957137
3437	0.957137
3438	0.957137
3439	0.957137
3440	0.957137
3441	0.957137
3442	0.957137
3443	0.957137
3444	0.957137
3445	0.957137
3446	0.957137
3447	0.957137
3448	0.957137
3449	0.957137
3450	0.957137
3451	0.957137
3452	0.957137
3453	0.957137
3454	0.957137
3455	0.957137
3456	0.957137
3457	0.957137
3458	0.957137
3459	0.957137
3460	0.957137
3461	0.957137
3462	0.957137
3463	0.957137
3464	0.957137
3465	0.957137
3466	0.957137
3467	0.957137
3468	0.957137
3469	0.957137
3470	0.957137
3471	0.957137
3472	0.957137
3473	0.957137
3474	0.957137
3475	0.957137
3476	0.957137
3477	0.957137
3478	0.957137
3479	0.957137
3480	0.957137
3481	0.957137
3482	0.957137
3483	0.957137
3484	0.957137
3485	0.957137
3486	0.957137
3487	0.957137
3488	0.957137
3489	0.957137
3490	0.957137
3491	0.957137
3492	0.957137
3493	0.957137
3494	0.957137
3495	0.957137
3496	0.957137
3497	0.957137
3498	0.957137
3499	0.957137
3500	0.957137
3501	0.957137
3502	0.957137
3503	0.957137
3504	0.957137
3505	0.957137
3506	0.957137
3507	0.957137
3508	0.957137
3509	0.957137
3510	0.957137
3511	0.957137
3512	0.957137
3513	0.957137
3514	0.957137
3515	0.957137
3516	0.957137
3517	0.957137
3518	0.957137
3519	0.957137
3520	0.957137
3521	0.957137
3522	0.957137
3523	0.957137
3524	0.957137
3525	0.957137
3526	0.957137
3527	0.957137
3528	0.957137
3529	0.957137
3530	0.957137
3531	0.957137
3532	0.957137
3533	0.957137
3534	0.957137
3535	0.957137
3536	0.957137
3537	0.957137
3538	0.957137
3539	0.957137
3540	0.957137
3541	0.957137
3542	0.957137
3543	0.957137
3544	0.957137
3545	0.957137
3546	0.957137
3547	0.957137
3548	0.957137
3549	0.957137
3550	0.957137
3551	0.957137
3552	0.957137
3553	0.957137
3554	0.957137
3555	0.957137
3556	0.957137
3557	0.957137
3558	0.957137
3559	0.957137
3560	0.957137
3561	0.957137
3562	0.957137
3563	0.957137
3564	0.957137
3565	0.957137
3566	0.957137
3567	0.957137
3568	0.957137
3569	0.957137
3570	0.957137
3571	0.957137
3572	0.957137
3573	0.957137
3574	0.957137
3575	0.957137
3576	0.957137
3577	0.957137
3578	0.957137
3579	0.957137
3580	0.957137
3581	0.957137
3582	0.957137
3583	0.957137
3584	0.957137
3585	0.957137
3586	0.957137
3587	0.957137
3588	0.957137
3589	0.957137
3590	0.957137
3591	0.957137
3592	0.957137
3593	0.957137
3594	0.957137
3595	0.957137
3596	0.957137
3597	0.957137
3598	0.957137
3599	0.957137
3600	0.957137
3601	0.957137
3602	0.957137
3603	0.957137
3604	0.957137
3605	0.957137
3606	0.957137
3607	0.957137
3608	0.957137
3609	0.957137
3610	0.957137
3611	0.957137
3612	0.957137
3613	0.957137
3614	0.957137
3615	0.957137
3616	0.957137
3617	0.957137
3618	0.957137
3619	0.957137
3620	0.957137
3621	0.957137
3622	0.957137
3623	0.957137
3624	0.957137
3625	0.957137
3626	0.957137
3627	0.957137
3628	0.957137
3629	0.957137
3630	0.957137
3631	0.957137
3632	0.957137
3633	0.957137
3634	0.957137
3635	0.957137
3636	0.957137
3637	0.957137
3638	0.957137
3639	0.957137
3640	0.957137
3641	0.957137
3642	0.957137
3643	0.957137
3644	0.957137
3645	0.957137
3646	0.957137
3647	0.957137
3648	0.957137
3649	0.957137
3650	0.957137
3651	0.957137
3652	0.957137
3653	0.957137
3654	0.957137
3655	0.957137
3656	0.957137
3657	0.957137
3658	0.957137
3659	0.957137
3660	0.957137
3661	0.957137
3662	0.957137
3663	0.957137
3664	0.957137
3665	0.957137
3666	0.957137
3667	0.957137
3668	0.957137
3669	0.957137
3670	0.957137
3671	0.957137
3672	0.957137
3673	0.957137
3674	0.957137
3675	0.957137
3676	0.957137
3677	0.957137
3678	0.957137
3679	0.957137
3680	0.957137
3681	0.957137
3682	0.957137
3683	0.957137
3684	0.957137
3685	0.957137
3686	0.957137
3687	0.957137
3688	0.957137
3689	0.957137
3690	0.957137
3691	0.957137
3692	0.957137
3693	0.957137
3694	0.957137
3695	0.957137
3696	0.957137
3697	0.957137
3698	0.957137
3699	0.957137
3700	0.957137
3701	0.957137
3702	0.957137
3703	0.957137
3704	0.957137
3705	0.957137
3706	0.957137
3707	0.957137
3708	0.957137
3709	0.957137
3710	0.957137
3711	0.957137
3712	0.957137
3713	0.957137
3714	0.957137
3715	0.957137
3716	0.957137
3717	0.957137
3718	0.957137
3719	0.957137
3720	0.957137
3721	0.957137
3722	0.957137
3723	0.957137
3724	0.957137
3725	0.957137
3726	0.957137
3727	0.957137
3728	0.957137
3729	0.957137
3730	0.957137
3731	0.957137
3732	0.957137
3733	0.957137
3734	0.957137
3735	0.957137
3736	0.957137
3737	0.957137
3738	0.957137
3739	0.957137
3740	0.957137
3741	0.957137
3742	0.957137
3743	0.957137
3744	0.957137
3745	0.957137
3746	0.957137
3747	0.957137
3748	0.957137
3749	0.957137
3750	0.957137
3751	0.957137
3752	0.957137
3753	0.957137
3754	0.957137
3755	0.957137
3756	0.957137
3757	0.957137
3758	0.957137
3759	0.957137
3760	0.957137
3761	0.957137
3762	0.957137
3763	0.957137
3764	0.957137
3765	0.957137
3766	0.957137
3767	0.957137
3768	0.957137
3769	0.957137
3770	0.957137
3771	0.957137
3772	0.957137
3773	0.957137
3774	0.957137
3775	0.957137
3776	0.957137
3777	0.957137
3778	0.957137
3779	0.957137
3780	0.957137
3781	0.957137
3782	0.957137
3783	0.957137
3784	0.957137
3785	0.957137
3786	0.957137
3787	0.957137
3788	0.957137
3789	0.957137
3790	0.957137
3791	0.957137
3792	0.957137
3793	0.957137
3794	0.957137
3795	0.957137
3796	0.957137
3797	0.957137
3798	0.957137
3799	0.957137
3800	0.957137
3801	0.957137
3802	0.957137
3803	0.957137
3804	0.957137
3805	0.957137
3806	0.957137
3807	0.957137
3808	0.957137
3809	0.957137
3810	0.957137
3811	0.957137
3812	0.957137
3813	0.957137
3814	0.957137
3815	0.957137
3816	0.957137
3817	0.957137
3818	0.957137
3819	0.957137
3820	0.957137
3821	0.957137
3822	0.957137
3823	0.957137
3824	0.957137
3825	0.957137
3826	0.957137
3827	0.957137
3828	0.957137
3829	0.957137
3830	0.957137
3831	0.957137
3832	0.957137
3833	0.957137
3834	0.957137
3835	0.957137
3836	0.957137
3837	0.957137
3838	0.957137
3839	0.957137
3840	0.957137
3841	0.957137
3842	0.957137
3843	0.957137
3844	0.957137
3845	0.957137
3846	0.957137
3847	0.957137
3848	0.957137
3849	0.957137
3850	0.957137
3851	0.957137
3852	0.957137
3853	0.957137
3854	0.957137
3855	0.957137
3856	0.957137
3857	0.957137
3858	0.957137
3859	0.957137
3860	0.957137
3861	0.957137
3862	0.957137
3863	0.957137
3864	0.957137
3865	0.957137
3866	0.957137
3867	0.957137
3868	0.957137
3869	0.957137
3870	0.957137
3871	0.957137
3872	0.957137
3873	0.957137
3874	0.957137
3875	0.957137
3876	0.957137
3877	0.957137
3878	0.957137
3879	0.957137
3880	0.957137
3881	0.957137
3882	0.957137
3883	0.957137
3884	0.957137
3885	0.957137
3886	0.957137
3887	0.957137
3888	0.957137
3889	0.957137
3890	0.957137
3891	0.957137
3892	0.957137
3893	0.957137
3894	0.957137
3895	0.957137
3896	0.957137
3897	0.957137
3898	0.957137
3899	0.957137
3900	0.957137
3901	0.957137
3902	0.957137
3903	0.957137
3904	0.957137
3905	0.957137
3906	0.957137
3907	0.957137
3908	0.957137
3909	0.957137
3910	0.957137
3911	0.957137
3912	0.957137
3913	0.957137
3914	0.957137
3915	0.957137
3916	0.957137
3917	0.957137
3918	0.957137
3919	0.957137
3920	0.957137
3921	0.957137
3922	0.957137
3923	0.957137
3924	0.957137
3925	0.957137
3926	0.957137
3927	0.957137
3928	0.957137
3929	0.957137
3930	0.957137
3931	0.957137
3932	0.957137
3933	0.957137
3934	0.957137
3935	0.957137
3936	0.957137
3937	0.957137
3938	0.957137
3939	0.957137
3940	0.957137
3941	0.957137
3942	0.957137
3943	0.957137
3944	0.957137
3945	0.957137
3946	0.957137
3947	0.957137
3948	0.957137
3949	0.957137
3950	0.957137
3951	0.957137
3952	0.957137
3953	0.957137
3954	0.957137
3955	0.957137
3956	0.957137
3957	0.957137
3958	0.957137
3959	0.957137
3960	0.957137
3961	0.957137
3962	0.957137
3963	0.957137
3964	0.957137
3965	0.957137
3966	0.957137
3967	0.957137
3968	0.957137
3969	0.957137
3970	0.957137
3971	0.957137
3972	0.957137
3973	0.957137
3974	0.957137
3975	0.957137
3976	0.957137
3977	0.957137
3978	0.957137
3979	0.957137
3980	0.957137
3981	0.957137
3982	0.957137
3983	0.957137
3984	0.957137
3985	0.957137
3986	0.957137
3987	0.957137
3988	0.957137
3989	0.957137
3990	0.957137
3991	0.957137
3992	0.957137
3993	0.957137
3994	0.957137
3995	0.957137
3996	0.957137
3997	0.957137
3998	0.957137
3999	0.957137
4000	0.957137
4001	0.957137
4002	0.957137
4003	0.957137
4004	0.957137
4005	0.957137
4006	0.957137
4007	0.957137
4008	0.957137
4009	0.957137
4010	0.957137
4011	0.957137
4012	0.957137
4013	0.957137
4014	0.957137
4015	0.957137
4016	0.957137
4017	0.957137
4018	0.957137
4019	0.957137
4020	0.957137
4021	0.957137
4022	0.957137
4023	0.957137
4024	0.957137
4025	0.957137
4026	0.957137
4027	0.957137
4028	0.957137
4029	0.957137
4030	0.957137
4031	0.957137
4032	0.957137
4033	0.957137
4034	0.957137
4035	0.957137
4036	0.957137
4037	0.957137
4038	0.957137
4039	0.957137
4040	0.957137
4041	0.957137
4042	0.957137
4043	0.957137
4044	0.957137
4045	0.957137
4046	0.957137
4047	0.957137
4048	0.957137
4049	0.957137
4050	0.957137
4051	0.957137
4052	0.957137
4053	0.957137
4054	0.957137
4055	0.957137
4056	0.957137
4057	0.958059
4058	0.958059
4059	0.95852
4060	0.969581
4061	0.969581
4062	0.977877
4063	0.977877
4064	0.977877
4065	0.977877
4066	0.977877
4067	0.977877
4068	0.977877
4069	0.977877
4070	0.977877
4071	0.977877
4072	0.977877
4073	0.977877
4074	0.977877
4075	0.977877
4076	0.977877
4077	0.977877
4078	0.977877
4079	0.977877
4080	0.977877
4081	0.977877
4082	0.977877
4083	0.977877
4084	0.977877
4085	0.977877
4086	0.977877
4087	0.977877
4088	0.977877
4089	0.977877
4090	0.977877
4091	0.977877
4092	0.977877
4093	0.977877
4094	0.977877
4095	0.977877
4096	0.977877
4097	0.977877
4098	0.977877
4099	0.977877
4100	0.977877
4101	0.977877
4102	0.977877
4103	0.977877
4104	0.977877
4105	0.977877
4106	0.977877
4107	0.977877
4108	0.977877
4109	0.977877
4110	0.977877
4111	0.977877
4112	0.977877
4113	0.977877
4114	0.977877
4115	0.977877
4116	0.977877
4117	0.977877
4118	0.977877
4119	0.977877
4120	0.977877
4121	0.977877
4122	0.977877
4123	0.977877
4124	0.977877
4125	0.977877
4126	0.977877
4127	0.977877
4128	0.977877
4129	0.977877
4130	0.977877
4131	0.977877
4132	0.977877
4133	0.977877
4134	0.977877
4135	0.977877
4136	0.977877
4137	0.977877
4138	0.977877
4139	0.977877
4140	0.977877
4141	0.977877
4142	0.977877
4143	0.977877
4144	0.977877
4145	0.977877
4146	0.977877
4147	0.977877
4148	0.977877
4149	0.977877
4150	0.977877
4151	0.977877
4152	0.977877
4153	0.977877
4154	0.977877
4155	0.977877
4156	0.977877
4157	0.977877
4158	0.977877
4159	0.977877
4160	0.977877
4161	0.977877
4162	0.977877
4163	0.977877
4164	0.977877
4165	0.977877
4166	0.977877
4167	0.977877
4168	0.977877
4169	0.977877
4170	0.977877
4171	0.977877
4172	0.977877
4173	0.977877
4174	0.977877
4175	0.977877
4176	0.977877
4177	0.977877
4178	0.977877
4179	0.977877
4180	0.977877
4181	0.977877
4182	0.977877
4183	0.977877
4184	0.977877
4185	0.977877
4186	0.977877
4187	0.977877
4188	0.977877
4189	0.977877
4190	0.977877
4191	0.977877
4192	0.977877
4193	0.977877
4194	0.977877
4195	0.977877
4196	0.977877
4197	0.977877
4198	0.977877
4199	0.977877
4200	0.977877
4201	0.977877
4202	0.977877
4203	0.977877
4204	0.977877
4205	0.977877
4206	0.977877
4207	0.977877
4208	0.977877
4209	0.977877
4210	0.977877
4211	0.977877
4212	0.977877
4213	0.977877
4214	0.977877
4215	0.977877
4216	0.977877
4217	0.977877
4218	0.977877
4219	0.977877
4220	0.977877
4221	0.977877
4222	0.977877
4223	0.977877
4224	0.977877
4225	0.977877
4226	0.977877
4227	0.977877
4228	0.977877
4229	0.977877
4230	0.977877
4231	0.977877
4232	0.977877
4233	0.977877
4234	0.977877
4235	0.977877
4236	0.977877
4237	0.977877
4238	0.977877
4239	0.977877
4240	0.977877
4241	0.977877
4242	0.977877
4243	0.977877
4244	0.977877
4245	0.977877
4246	0.977877
4247	0.977877
4248	0.977877
4249	0.977877
4250	0.977877
4251	0.977877
4252	0.977877
4253	0.977877
4254	0.977877
4255	0.977877
4256	0.977877
4257	0.977877
4258	0.977877
4259	0.977877
4260	0.977877
4261	0.977877
4262	0.977877
4263	0.977877
4264	0.977877
4265	0.977877
4266	0.977877
4267	0.977877
4268	0.977877
4269	0.977877
4270	0.977877
4271	0.977877
4272	0.977877
4273	0.977877
4274	0.977877
4275	0.977877
4276	0.977877
4277	0.977877
4278	0.977877
4279	0.977877
4280	0.977877
4281	0.977877
4282	0.977877
4283	0.977877
4284	0.977877
4285	0.977877
4286	0.977877
4287	0.977877
4288	0.977877
4289	0.977877
4290	0.977877
4291	0.977877
4292	0.977877
4293	0.977877
4294	0.977877
4295	0.977877
4296	0.977877
4297	0.977877
4298	0.977877
4299	0.977877
4300	0.977877
4301	0.977877
4302	0.977877
4303	0.977877
4304	0.977877
4305	0.977877
4306	0.977877
4307	0.977877
4308	0.977877
4309	0.977877
4310	0.977877
4311	0.977877
4312	0.977877
4313	0.977877
4314	0.977877
4315	0.977877
4316	0.977877
4317	0.977877
4318	0.977877
4319	0.977877
4320	0.977877
4321	0.977877
4322	0.977877
4323	0.977877
4324	0.977877
4325	0.977877
4326	0.977877
4327	0.977877
4328	0.977877
4329	0.977877
4330	0.977877
4331	0.977877
4332	0.977877
4333	0.977877
4334	0.977877
4335	0.977877
4336	0.977877
4337	0.977877
4338	0.977877
4339	0.977877
4340	0.977877
4341	0.977877
4342	0.977877
4343	0.977877
4344	0.977877
4345	0.977877
4346	0.977877
4347	0.977877
4348	0.977877
4349	0.977877
4350	0.977877
4351	0.977877
4352	0.977877
4353	0.977877
4354	0.977877
4355	0.977877
4356	0.977877
4357	0.977877
4358	0.977877
4359	0.977877
4360	0.977877
4361	0.977877
4362	0.977877
4363	0.977877
4364	0.977877
4365	0.977877
4366	0.977877
4367	0.977877
4368	0.977877
4369	0.977877
4370	0.977877
4371	0.977877
4372	0.977877
4373	0.977877
4374	0.977877
4375	0.977877
4376	0.977877
4377	0.977877
4378	0.977877
4379	0.977877
4380	0.977877
4381	0.977877
4382	0.977877
4383	0.977877
4384	0.977877
4385	0.977877
4386	0.977877
4387	0.977877
4388	0.977877
4389	0.977877
4390	0.977877
4391	0.977877
4392	0.977877
4393	0.977877
4394	0.977877
4395	0.977877
4396	0.977877
4397	0.977877
4398	0.977877
4399	0.977877
4400	0.977877
4401	0.977877
4402	0.977877
4403	0.977877
4404	0.977877
4405	0.977877
4406	0.977877
4407	0.977877
4408	0.977877
4409	0.977877
4410	0.977877
4411	0.977877
4412	0.977877
4413	0.977877
4414	0.977877
4415	0.977877
4416	0.977877
4417	0.977877
4418	0.977877
4419	0.977877
4420	0.977877
4421	0.977877
4422	0.977877
4423	0.977877
4424	0.977877
4425	0.977877
4426	0.977877
4427	0.977877
4428	0.977877
4429	0.977877
4430	0.977877
4431	0.977877
4432	0.977877
4433	0.977877
4434	0.977877
4435	0.977877
4436	0.977877
4437	0.977877
4438	0.977877
4439	0.977877
4440	0.977877
4441	0.977877
4442	0.977877
4443	0.977877
4444	0.977877
4445	0.977877
4446	0.977877
4447	0.977877
4448	0.977877
4449	0.977877
4450	0.977877
4451	0.977877
4452	0.977877
4453	0.977877
4454	0.977877
4455	0.977877
4456	0.977877
4457	0.977877
4458	0.977877
4459	0.977877
4460	0.977877
4461	0.977877
4462	0.977877
4463	0.977877
4464	0.977877
4465	0.977877
4466	0.977877
4467	0.977877
4468	0.977877
4469	0.977877
4470	0.977877
4471	0.977877
4472	0.977877
4473	0.977877
4474	0.977877
4475	0.977877
4476	0.977877
4477	0.977877
4478	0.977877
4479	0.977877
4480	0.977877
4481	0.977877
4482	0.977877
4483	0.977877
4484	0.977877
4485	0.977877
4486	0.977877
4487	0.977877
4488	0.977877
4489	0.977877
4490	0.977877
4491	0.977877
4492	0.977877
4493	0.977877
4494	0.977877
4495	0.977877
4496	0.977877
4497	0.977877
4498	0.977877
4499	0.977877
4500	0.977877
4501	0.977877
4502	0.977877
4503	0.977877
4504	0.977877
4505	0.977877
4506	0.977877
4507	0.977877
4508	0.977877
4509	0.977877
4510	0.977877
4511	0.977877
4512	0.977877
4513	0.977877
4514	0.977877
4515	0.977877
4516	0.977877
4517	0.977877
4518	0.977877
4519	0.977877
4520	0.977877
4521	0.977877
4522	0.977877
4523	0.977877
4524	0.977877
4525	0.977877
4526	0.977877
4527	0.977877
4528	0.977877
4529	0.977877
4530	0.977877
4531	0.977877
4532	0.977877
4533	0.977877
4534	0.977877
4535	0.977877
4536	0.977877
4537	0.977877
4538	0.977877
4539	0.977877
4540	0.977877
4541	0.977877
4542	0.977877
4543	0.977877
4544	0.977877
4545	0.977877
4546	0.977877
4547	0.977877
4548	0.977877
4549	0.977877
4550	0.977877
4551	0.977877
4552	0.977877
4553	0.977877
4554	0.977877
4555	0.977877
4556	0.977877
4557	0.977877
4558	0.977877
4559	0.977877
4560	0.977877
4561	0.977877
4562	0.977877
4563	0.977877
4564	0.977877
4565	0.977877
4566	0.977877
4567	0.977877
4568	0.977877
4569	0.977877
4570	0.977877
4571	0.977877
4572	0.977877
4573	0.977877
4574	0.977877
4575	0.977877
4576	0.977877
4577	0.977877
4578	0.977877
4579	0.977877
4580	0.977877
4581	0.977877
4582	0.977877
4583	0.977877
4584	0.977877
4585	0.977877
4586	0.977877
4587	0.977877
4588	0.977877
4589	0.977877
4590	0.977877
4591	0.977877
4592	0.977877
4593	0.977877
4594	0.977877
4595	0.977877
4596	0.977877
4597	0.977877
4598	0.977877
4599	0.977877
4600	0.977877
4601	0.977877
4602	0.977877
4603	0.977877
4604	0.977877
4605	0.977877
4606	0.977877
4607	0.977877
4608	0.977877
4609	0.977877
4610	0.977877
4611	0.977877
4612	0.977877
4613	0.977877
4614	0.977877
4615	0.977877
4616	0.977877
4617	0.977877
4618	0.977877
4619	0.977877
4620	0.977877
4621	0.977877
4622	0.977877
4623	0.977877
4624	0.977877
4625	0.977877
4626	0.977877
4627	0.977877
4628	0.977877
4629	0.977877
4630	0.977877
4631	0.977877
4632	0.977877
4633	0.977877
4634	0.977877
4635	0.977877
4636	0.977877
4637	0.977877
4638	0.977877
4639	0.977877
4640	0.977877
4641	0.977877
4642	0.977877
4643	0.977877
4644	0.977877
4645	0.977877
4646	0.977877
4647	0.977877
4648	0.977877
4649	0.977877
4650	0.977877
4651	0.977877
4652	0.977877
4653	0.977877
4654	0.977877
4655	0.977877
4656	0.977877
4657	0.977877
4658	0.977877
4659	0.977877
4660	0.977877
4661	0.977877
4662	0.977877
4663	0.977877
4664	0.977877
4665	0.977877
4666	0.977877
4667	0.977877
4668	0.977877
4669	0.977877
4670	0.977877
4671	0.977877
4672	0.977877
4673	0.977877
4674	0.977877
4675	0.977877
4676	0.977877
4677	0.977877
4678	0.977877
4679	0.977877
4680	0.977877
4681	0.977877
4682	0.977877
4683	0.977877
4684	0.977877
4685	0.977877
4686	0.977877
4687	0.977877
4688	0.977877
4689	0.977877
4690	0.977877
4691	0.977877
4692	0.977877
4693	0.977877
4694	0.977877
4695	0.977877
4696	0.977877
4697	0.977877
4698	0.977877
4699	0.977877
4700	0.977877
4701	0.977877
4702	0.977877
4703	0.977877
4704	0.977877
4705	0.977877
4706	0.977877
4707	0.977877
4708	0.977877
4709	0.977877
4710	0.977877
4711	0.977877
4712	0.977877
4713	0.977877
4714	0.977877
4715	0.977877
4716	0.977877
4717	0.977877
4718	0.977877
4719	0.977877
4720	0.977877
4721	0.977877
4722	0.977877
4723	0.977877
4724	0.977877
4725	0.977877
4726	0.977877
4727	0.977877
4728	0.977877
4729	0.977877
4730	0.977877
4731	0.977877
4732	0.977877
4733	0.977877
4734	0.977877
4735	0.977877
4736	0.977877
4737	0.977877
4738	0.977877
4739	0.977877
4740	0.977877
4741	0.977877
4742	0.977877
4743	0.977877
4744	0.977877
4745	0.977877
4746	0.977877
4747	0.977877
4748	0.977877
4749	0.977877
4750	0.977877
4751	0.977877
4752	0.977877
4753	0.977877
4754	0.977877
4755	0.977877
4756	0.977877
4757	0.977877
4758	0.977877
4759	0.977877
4760	0.977877
4761	0.977877
4762	0.977877
4763	0.977877
4764	0.977877
4765	0.977877
4766	0.977877
4767	0.977877
4768	0.977877
4769	0.977877
4770	0.977877
4771	0.977877
4772	0.977877
4773	0.977877
4774	0.977877
4775	0.977877
4776	0.977877
4777	0.977877
4778	0.977877
4779	0.977877
4780	0.977877
4781	0.977877
4782	0.977877
4783	0.977877
4784	0.977877
4785	0.977877
4786	0.977877
4787	0.977877
4788	0.977877
4789	0.977877
4790	0.977877
4791	0.977877
4792	0.977877
4793	0.977877
4794	0.977877
4795	0.977877
4796	0.977877
4797	0.977877
4798	0.977877
4799	0.977877
4800	0.977877
4801	0.977877
4802	0.977877
4803	0.977877
4804	0.977877
4805	0.977877
4806	0.977877
4807	0.977877
4808	0.977877
4809	0.977877
4810	0.977877
4811	0.977877
4812	0.977877
4813	0.977877
4814	0.977877
4815	0.977877
4816	0.977877
4817	0.977877
4818	0.977877
4819	0.977877
4820	0.977877
4821	0.977877
4822	0.977877
4823	0.977877
4824	0.977877
4825	0.977877
4826	0.977877
4827	0.977877
4828	0.977877
4829	0.977877
4830	0.977877
4831	0.977877
4832	0.977877
4833	0.977877
4834	0.977877
4835	0.977877
4836	0.977877
4837	0.977877
4838	0.977877
4839	0.977877
4840	0.977877
4841	0.977877
4842	0.977877
4843	0.977877
4844	0.977877
4845	0.977877
4846	0.977877
4847	0.977877
4848	0.977877
4849	0.977877
4850	0.977877
4851	0.977877
4852	0.977877
4853	0.977877
4854	0.977877
4855	0.977877
4856	0.977877
4857	0.977877
4858	0.977877
4859	0.977877
4860	0.977877
4861	0.977877
4862	0.977877
4863	0.977877
4864	0.977877
4865	0.977877
4866	0.977877
4867	0.977877
4868	0.977877
4869	0.977877
4870	0.977877
4871	0.977877
4872	0.977877
4873	0.977877
4874	0.977877
4875	0.977877
4876	0.977877
4877	0.977877
4878	0.977877
4879	0.977877
4880	0.977877
4881	0.977877
4882	0.977877
4883	0.977877
4884	0.977877
4885	0.977877
4886	0.977877
4887	0.977877
4888	0.977877
4889	0.977877
4890	0.977877
4891	0.977877
4892	0.977877
4893	0.977877
4894	0.977877
4895	0.977877
4896	0.977877
4897	0.977877
4898	0.977877
4899	0.977877
4900	0.977877
4901	0.977877
4902	0.977877
4903	0.977877
4904	0.977877
4905	0.977877
4906	0.977877
4907	0.977877
4908	0.977877
4909	0.977877
4910	0.977877
4911	0.977877
4912	0.977877
4913	0.977877
4914	0.977877
4915	0.977877
4916	0.977877
4917	0.977877
4918	0.977877
4919	0.977877
4920	0.977877
4921	0.977877
4922	0.977877
4923	0.977877
4924	0.977877
4925	0.977877
4926	0.977877
4927	0.977877
4928	0.977877
4929	0.977877
4930	0.977877
4931	0.977877
4932	0.977877
4933	0.977877
4934	0.977877
4935	0.977877
4936	0.977877
4937	0.977877
4938	0.977877
4939	0.977877
4940	0.977877
4941	0.977877
4942	0.977877
4943	0.977877
4944	0.977877
4945	0.977877
4946	0.977877
4947	0.977877
4948	0.977877
4949	0.977877
4950	0.977877
4951	0.977877
4952	0.977877
4953	0.977877
4954	0.977877
4955	0.977877
4956	0.977877
4957	0.977877
4958	0.977877
4959	0.977877
4960	0.977877
4961	0.977877
4962	0.977877
4963	0.977877
4964	0.977877
4965	0.977877
4966	0.977877
4967	0.977877
4968	0.977877
4969	0.977877
4970	0.977877
4971	0.977877
4972	0.977877
4973	0.977877
4974	0.977877
4975	0.977877
4976	0.977877
4977	0.977877
4978	0.977877
4979	0.977877
4980	0.977877
4981	0.977877
4982	0.977877
4983	0.977877
4984	0.977877
4985	0.977877
4986	0.977877
4987	0.977877
4988	0.977877
4989	0.977877
4990	0.977877
4991	0.977877
4992	0.977877
4993	0.977877
4994	0.977877
4995	0.977877
4996	0.977877
4997	0.977877
4998	0.977877
4999	0.977877
5000	0.977877
5001	0.977877
5002	0.977877
5003	0.977877
5004	0.977877
5005	0.977877
5006	0.977877
5007	0.977877
5008	0.977877
5009	0.977877
5010	0.977877
5011	0.977877
5012	0.977877
5013	0.977877
5014	0.977877
5015	0.977877
5016	0.977877
5017	0.977877
5018	0.977877
5019	0.977877
5020	0.977877
5021	0.977877
5022	0.977877
5023	0.977877
5024	0.977877
5025	0.977877
5026	0.977877
5027	0.977877
5028	0.977877
5029	0.977877
5030	0.977877
5031	0.977877
5032	0.977877
5033	0.977877
5034	0.977877
5035	0.977877
5036	0.977877
5037	0.977877
5038	0.977877
5039	0.977877
5040	0.977877
5041	0.977877
5042	0.977877
5043	0.977877
5044	0.977877
5045	0.977877
5046	0.977877
5047	0.977877
5048	0.977877
5049	0.977877
5050	0.977877
5051	0.977877
5052	0.977877
5053	0.977877
5054	0.977877
5055	0.977877
5056	0.977877
5057	0.977877
5058	0.977877
5059	0.977877
5060	0.977877
5061	0.977877
5062	0.977877
5063	0.977877
5064	0.977877
5065	0.977877
5066	0.977877
5067	0.977877
5068	0.977877
5069	0.977877
5070	0.977877
5071	0.977877
5072	0.977877
5073	0.977877
5074	0.977877
5075	0.977877
5076	0.977877
5077	0.977877
5078	0.977877
5079	0.977877
5080	0.977877
5081	0.977877
5082	0.977877
5083	0.977877
5084	0.977877
5085	0.977877
5086	0.977877
5087	0.977877
5088	0.977877
5089	0.977877
5090	0.977877
5091	0.977877
5092	0.977877
5093	0.977877
5094	0.977877
5095	0.977877
5096	0.977877
5097	0.977877
5098	0.977877
5099	0.977877
5100	0.977877
5101	0.977877
5102	0.977877
5103	0.977877
5104	0.977877
5105	0.977877
5106	0.977877
5107	0.977877
5108	0.977877
5109	0.977877
5110	0.977877
5111	0.977877
5112	0.977877
5113	0.977877
5114	0.977877
5115	0.977877
5116	0.977877
5117	0.977877
5118	0.977877
5119	0.977877
5120	0.977877
5121	0.977877
5122	0.977877
5123	0.977877
5124	0.977877
5125	0.977877
5126	0.977877
5127	0.977877
5128	0.977877
5129	0.977877
5130	0.977877
5131	0.977877
5132	0.977877
5133	0.977877
5134	0.977877
5135	0.977877
5136	0.977877
5137	0.977877
5138	0.977877
5139	0.977877
5140	0.977877
5141	0.977877
5142	0.977877
5143	0.977877
5144	0.977877
5145	0.977877
5146	0.977877
5147	0.977877
5148	0.977877
5149	0.977877
5150	0.977877
5151	0.977877
5152	0.977877
5153	0.977877
5154	0.977877
5155	0.977877
5156	0.977877
5157	0.977877
5158	0.977877
5159	0.977877
5160	0.977877
5161	0.977877
5162	0.977877
5163	0.977877
5164	0.977877
5165	0.977877
5166	0.977877
5167	0.977877
5168	0.977877
5169	0.977877
5170	0.977877
5171	0.977877
5172	0.977877
5173	0.977877
5174	0.977877
5175	0.977877
5176	0.977877
5177	0.977877
5178	0.977877
5179	0.977877
5180	0.977877
5181	0.977877
5182	0.977877
5183	0.977877
5184	0.977877
5185	0.977877
5186	0.977877
5187	0.977877
5188	0.977877
5189	0.977877
5190	0.977877
5191	0.977877
5192	0.977877
5193	0.977877
5194	0.977877
5195	0.977877
5196	0.977877
5197	0.977877
5198	0.977877
5199	0.977877
5200	0.977877
5201	0.977877
5202	0.977877
5203	0.977877
5204	0.977877
5205	0.977877
5206	0.977877
5207	0.977877
5208	0.977877
5209	0.977877
5210	0.977877
5211	0.977877
5212	0.977877
5213	0.977877
5214	0.977877
5215	0.977877
5216	0.977877
5217	0.977877
5218	0.977877
5219	0.977877
5220	0.977877
5221	0.977877
5222	0.977877
5223	0.977877
5224	0.977877
5225	0.977877
5226	0.977877
5227	0.977877
5228	0.977877
5229	0.977877
5230	0.977877
5231	0.977877
5232	0.977877
5233	0.977877
5234	0.977877
5235	0.977877
5236	0.977877
5237	0.977877
5238	0.977877
5239	0.977877
5240	0.977877
5241	0.977877
5242	0.977877
5243	0.977877
5244	0.977877
5245	0.977877
5246	0.977877
5247	0.977877
5248	0.977877
5249	0.977877
5250	0.977877
5251	0.977877
5252	0.977877
5253	0.977877
5254	0.977877
5255	0.977877
5256	0.977877
5257	0.977877
5258	0.977877
5259	0.977877
5260	0.977877
5261	0.977877
5262	0.977877
5263	0.977877
5264	0.977877
5265	0.977877
5266	0.977877
5267	0.977877
5268	0.977877
5269	0.977877
5270	0.977877
5271	0.977877
5272	0.977877
5273	0.977877
5274	0.977877
5275	0.977877
5276	0.977877
5277	0.977877
5278	0.977877
5279	0.977877
5280	0.977877
5281	0.977877
5282	0.977877
5283	0.977877
5284	0.977877
5285	0.977877
5286	0.977877
5287	0.977877
5288	0.977877
5289	0.977877
5290	0.977877
5291	0.977877
5292	0.977877
5293	0.977877
5294	0.977877
5295	0.977877
5296	0.977877
5297	0.977877
5298	0.977877
5299	0.977877
5300	0.977877
5301	0.977877
5302	0.977877
5303	0.977877
5304	0.977877
5305	0.977877
5306	0.977877
5307	0.977877
5308	0.977877
5309	0.977877
5310	0.977877
5311	0.977877
5312	0.977877
5313	0.977877
5314	0.977877
5315	0.977877
5316	0.977877
5317	0.977877
5318	0.977877
5319	0.977877
5320	0.977877
5321	0.977877
5322	0.977877
5323	0.977877
5324	0.977877
5325	0.977877
5326	0.977877
5327	0.977877
5328	0.977877
5329	0.977877
5330	0.977877
5331	0.977877
5332	0.977877
5333	0.977877
5334	0.977877
5335	0.977877
5336	0.977877
5337	0.977877
5338	0.977877
5339	0.977877
5340	0.977877
5341	0.977877
5342	0.977877
5343	0.977877
5344	0.977877
5345	0.977877
5346	0.977877
5347	0.977877
5348	0.977877
5349	0.977877
5350	0.977877
5351	0.977877
5352	0.977877
5353	0.977877
5354	0.977877
5355	0.977877
5356	0.977877
5357	0.977877
5358	0.977877
5359	0.977877
5360	0.977877
5361	0.977877
5362	0.977877
5363	0.977877
5364	0.977877
5365	0.977877
5366	0.977877
5367	0.977877
5368	0.977877
5369	0.977877
5370	0.977877
5371	0.977877
5372	0.977877
5373	0.977877
5374	0.977877
5375	0.977877
5376	0.977877
5377	0.977877
5378	0.977877
5379	0.977877
5380	0.977877
5381	0.977877
5382	0.977877
5383	0.977877
5384	0.977877
5385	0.977877
5386	0.977877
5387	0.977877
5388	0.977877
5389	0.977877
5390	0.977877
5391	0.977877
5392	0.977877
5393	0.977877
5394	0.977877
5395	0.977877
5396	0.977877
5397	0.977877
5398	0.977877
5399	0.977877
5400	0.977877
5401	0.977877
5402	0.977877
5403	0.977877
5404	0.977877
5405	0.977877
5406	0.977877
5407	0.977877
5408	0.977877
5409	0.977877
5410	0.977877
5411	0.977877
5412	0.977877
5413	0.977877
5414	0.977877
5415	0.977877
5416	0.977877
5417	0.977877
5418	0.977877
5419	0.977877
5420	0.977877
5421	0.977877
5422	0.977877
5423	0.977877
5424	0.977877
5425	0.977877
5426	0.977877
5427	0.977877
5428	0.977877
5429	0.977877
5430	0.977877
5431	0.977877
5432	0.977877
5433	0.977877
5434	0.977877
5435	0.977877
5436	0.977877
5437	0.977877
5438	0.977877
5439	0.977877
5440	0.977877
5441	0.977877
5442	0.977877
5443	0.977877
5444	0.977877
5445	0.977877
5446	0.977877
5447	0.977877
5448	0.977877
5449	0.977877
5450	0.977877
5451	0.977877
5452	0.977877
5453	0.977877
5454	0.977877
5455	0.977877
5456	0.977877
5457	0.977877
5458	0.977877
5459	0.977877
5460	0.977877
5461	0.977877
5462	0.977877
5463	0.977877
5464	0.977877
5465	0.977877
5466	0.977877
5467	0.977877
5468	0.977877
5469	0.977877
5470	0.977877
5471	0.977877
5472	0.977877
5473	0.977877
5474	0.977877
5475	0.977877
5476	0.977877
5477	0.977877
5478	0.977877
5479	0.977877
5480	0.977877
5481	0.977877
5482	0.977877
5483	0.977877
5484	0.977877
5485	0.977877
5486	0.977877
5487	0.977877
5488	0.977877
5489	0.977877
5490	0.977877
5491	0.977877
5492	0.977877
5493	0.977877
5494	0.977877
5495	0.977877
5496	0.977877
5497	0.977877
5498	0.977877
5499	0.977877
5500	0.977877
5501	0.977877
5502	0.977877
5503	0.977877
5504	0.977877
5505	0.977877
5506	0.977877
5507	0.977877
5508	0.977877
5509	0.977877
5510	0.977877
5511	0.977877
5512	0.977877
5513	0.977877
5514	0.977877
5515	0.977877
5516	0.977877
5517	0.977877
5518	0.977877
5519	0.977877
5520	0.977877
5521	0.977877
5522	0.977877
5523	0.977877
5524	0.977877
5525	0.977877
5526	0.977877
5527	0.977877
5528	0.977877
5529	0.977877
5530	0.977877
5531	0.977877
5532	0.977877
5533	0.977877
5534	0.977877
5535	0.977877
5536	0.977877
5537	0.977877
5538	0.977877
5539	0.977877
5540	0.977877
5541	0.977877
5542	0.977877
5543	0.977877
5544	0.977877
5545	0.977877
5546	0.977877
5547	0.977877
5548	0.977877
5549	0.977877
5550	0.977877
5551	0.977877
5552	0.977877
5553	0.977877
5554	0.977877
5555	0.977877
5556	0.977877
5557	0.977877
5558	0.977877
5559	0.977877
5560	0.977877
5561	0.977877
5562	0.977877
5563	0.977877
5564	0.977877
5565	0.977877
5566	0.977877
5567	0.977877
5568	0.977877
5569	0.977877
5570	0.977877
5571	0.977877
5572	0.977877
5573	0.977877
5574	0.977877
5575	0.977877
5576	0.977877
5577	0.977877
5578	0.977877
5579	0.977877
5580	0.977877
5581	0.977877
5582	0.977877
5583	0.977877
5584	0.977877
5585	0.977877
5586	0.977877
5587	0.977877
5588	0.977877
5589	0.977877
5590	0.977877
5591	0.977877
5592	0.977877
5593	0.977877
5594	0.977877
5595	0.977877
5596	0.977877
5597	0.977877
5598	0.977877
5599	0.977877
5600	0.977877
5601	0.977877
5602	0.977877
5603	0.977877
5604	0.977877
5605	0.977877
5606	0.977877
5607	0.977877
5608	0.977877
5609	0.977877
5610	0.977877
5611	0.977877
5612	0.977877
5613	0.977877
5614	0.977877
5615	0.977877
5616	0.977877
5617	0.977877
5618	0.977877
5619	0.977877
5620	0.977877
5621	0.977877
5622	0.977877
5623	0.977877
5624	0.977877
5625	0.977877
5626	0.977877
5627	0.977877
5628	0.977877
5629	0.977877
5630	0.977877
5631	0.977877
5632	0.977877
5633	0.977877
5634	0.977877
5635	0.977877
5636	0.977877
5637	0.977877
5638	0.977877
5639	0.977877
5640	0.977877
5641	0.977877
5642	0.977877
5643	0.977877
5644	0.977877
5645	0.977877
5646	0.977877
5647	0.977877
5648	0.977877
5649	0.977877
5650	0.977877
5651	0.977877
5652	0.977877
5653	0.977877
5654	0.977877
5655	0.977877
5656	0.977877
5657	0.977877
5658	0.977877
5659	0.977877
5660	0.977877
5661	0.977877
5662	0.977877
5663	0.977877
5664	0.977877
5665	0.977877
5666	0.977877
5667	0.977877
5668	0.977877
5669	0.977877
5670	0.977877
5671	0.977877
5672	0.977877
5673	0.977877
5674	0.977877
5675	0.977877
5676	0.977877
5677	0.977877
5678	0.977877
5679	0.977877
5680	0.977877
5681	0.977877
5682	0.977877
5683	0.977877
5684	0.977877
5685	0.977877
5686	0.977877
5687	0.977877
5688	0.977877
5689	0.977877
5690	0.977877
5691	0.977877
5692	0.977877
5693	0.977877
5694	0.977877
5695	0.977877
5696	0.977877
5697	0.977877
5698	0.977877
5699	0.977877
5700	0.977877
5701	0.977877
5702	0.977877
5703	0.977877
5704	0.977877
5705	0.977877
5706	0.977877
5707	0.977877
5708	0.977877
5709	0.977877
5710	0.977877
5711	0.977877
5712	0.977877
5713	0.977877
5714	0.977877
5715	0.977877
5716	0.977877
5717	0.977877
5718	0.977877
5719	0.977877
5720	0.977877
5721	0.977877
5722	0.977877
5723	0.977877
5724	0.977877
5725	0.977877
5726	0.977877
5727	0.977877
5728	0.977877
5729	0.977877
5730	0.977877
5731	0.977877
5732	0.977877
5733	0.977877
5734	0.977877
5735	0.977877
5736	0.977877
5737	0.977877
5738	0.977877
5739	0.977877
5740	0.977877
5741	0.977877
5742	0.977877
5743	0.977877
5744	0.977877
5745	0.977877
5746	0.977877
5747	0.977877
5748	0.977877
5749	0.977877
5750	0.977877
5751	0.977877
5752	0.977877
5753	0.977877
5754	0.977877
5755	0.977877
5756	0.977877
5757	0.977877
5758	0.977877
5759	0.977877
5760	0.977877
5761	0.977877
5762	0.977877
5763	0.977877
5764	0.977877
5765	0.977877
5766	0.977877
5767	0.977877
5768	0.977877
5769	0.977877
5770	0.977877
5771	0.977877
5772	0.977877
5773	0.977877
5774	0.977877
5775	0.977877
5776	0.977877
5777	0.977877
5778	0.977877
5779	0.977877
5780	0.977877
5781	0.977877
5782	0.977877
5783	0.977877
5784	0.977877
5785	0.977877
5786	0.977877
5787	0.977877
5788	0.977877
5789	0.977877
5790	0.977877
5791	0.977877
5792	0.977877
5793	0.977877
5794	0.977877
5795	0.977877
5796	0.977877
5797	0.977877
5798	0.977877
5799	0.977877
5800	0.977877
5801	0.977877
5802	0.977877
5803	0.977877
5804	0.977877
5805	0.977877
5806	0.977877
5807	0.977877
5808	0.977877
5809	0.977877
5810	0.977877
5811	0.977877
5812	0.977877
5813	0.977877
5814	0.977877
5815	0.977877
5816	0.977877
5817	0.977877
5818	0.977877
5819	0.977877
5820	0.977877
5821	0.977877
5822	0.977877
5823	0.977877
5824	0.977877
5825	0.977877
5826	0.977877
5827	0.977877
5828	0.977877
5829	0.977877
5830	0.977877
5831	0.977877
5832	0.977877
5833	0.977877
5834	0.977877
5835	0.977877
5836	0.977877
5837	0.977877
5838	0.977877
5839	0.977877
5840	0.977877
5841	0.977877
5842	0.977877
5843	0.977877
5844	0.977877
5845	0.977877
5846	0.977877
5847	0.977877
5848	0.977877
5849	0.977877
5850	0.977877
5851	0.977877
5852	0.977877
5853	0.977877
5854	0.977877
5855	0.977877
5856	0.977877
5857	0.977877
5858	0.977877
5859	0.977877
5860	0.977877
5861	0.977877
5862	0.977877
5863	0.977877
5864	0.977877
5865	0.977877
5866	0.977877
5867	0.977877
5868	0.977877
5869	0.977877
5870	0.977877
5871	0.977877
5872	0.977877
5873	0.977877
5874	0.977877
5875	0.977877
5876	0.977877
5877	0.977877
5878	0.977877
5879	0.977877
5880	0.977877
5881	0.977877
5882	0.977877
5883	0.977877
5884	0.977877
5885	0.977877
5886	0.977877
5887	0.977877
5888	0.977877
5889	0.977877
5890	0.977877
5891	0.977877
5892	0.977877
5893	0.977877
5894	0.977877
5895	0.977877
5896	0.977877
5897	0.977877
5898	0.977877
5899	0.977877
5900	0.977877
5901	0.977877
5902	0.977877
5903	0.977877
5904	0.977877
5905	0.977877
5906	0.977877
5907	0.977877
5908	0.977877
5909	0.977877
5910	0.977877
5911	0.977877
5912	0.977877
5913	0.977877
5914	0.977877
5915	0.977877
5916	0.977877
5917	0.977877
5918	0.977877
5919	0.977877
5920	0.977877
5921	0.977877
5922	0.977877
5923	0.977877
5924	0.977877
5925	0.977877
5926	0.977877
5927	0.977877
5928	0.977877
5929	0.977877
5930	0.977877
5931	0.977877
5932	0.977877
5933	0.977877
5934	0.977877
5935	0.977877
5936	0.977877
5937	0.977877
5938	0.977877
5939	0.977877
5940	0.977877
5941	0.977877
5942	0.977877
5943	0.977877
5944	0.977877
5945	0.977877
5946	0.977877
5947	0.977877
5948	0.977877
5949	0.977877
5950	0.977877
5951	0.977877
5952	0.977877
5953	0.977877
5954	0.977877
5955	0.977877
5956	0.977877
5957	0.977877
5958	0.977877
5959	0.977877
5960	0.977877
5961	0.977877
5962	0.977877
5963	0.977877
5964	0.977877
5965	0.977877
5966	0.977877
5967	0.977877
5968	0.977877
5969	0.977877
5970	0.977877
5971	0.977877
5972	0.977877
5973	0.977877
5974	0.977877
5975	0.977877
5976	0.977877
5977	0.977877
5978	0.977877
5979	0.977877
5980	0.977877
5981	0.977877
5982	0.977877
5983	0.977877
5984	0.977877
5985	0.977877
5986	0.977877
5987	0.977877
5988	0.977877
5989	0.977877
5990	0.977877
5991	0.977877
5992	0.977877
5993	0.977877
5994	0.977877
5995	0.977877
5996	0.977877
5997	0.977877
5998	0.977877
5999	0.977877
6000	0.977877
6001	0.977877
6002	0.977877
6003	0.977877
6004	0.977877
6005	0.977877
6006	0.977877
6007	0.977877
6008	0.977877
6009	0.977877
6010	0.977877
6011	0.977877
6012	0.977877
6013	0.977877
6014	0.977877
6015	0.977877
6016	0.977877
6017	0.977877
6018	0.977877
6019	0.977877
6020	0.977877
6021	0.977877
6022	0.977877
6023	0.977877
6024	0.977877
6025	0.977877
6026	0.977877
6027	0.977877
6028	0.977877
6029	0.977877
6030	0.977877
6031	0.977877
6032	0.977877
6033	0.977877
6034	0.977877
6035	0.977877
6036	0.977877
6037	0.977877
6038	0.977877
6039	0.977877
6040	0.977877
6041	0.977877
6042	0.977877
6043	0.977877
6044	0.977877
6045	0.977877
6046	0.977877
6047	0.977877
6048	0.977877
6049	0.977877
6050	0.977877
6051	0.977877
6052	0.977877
6053	0.977877
6054	0.977877
6055	0.977877
6056	0.977877
6057	0.977877
6058	0.977877
6059	0.977877
6060	0.977877
6061	0.977877
6062	0.977877
6063	0.977877
6064	0.977877
6065	0.977877
6066	0.977877
6067	0.977877
6068	0.977877
6069	0.977877
6070	0.977877
6071	0.977877
6072	0.977877
6073	0.977877
6074	0.977877
6075	0.977877
6076	0.977877
6077	0.977877
6078	0.977877
6079	0.977877
6080	0.977877
6081	0.977877
6082	0.977877
6083	0.977877
6084	0.977877
6085	0.977877
6086	0.977877
6087	0.977877
6088	0.977877
6089	0.977877
6090	0.977877
6091	0.977877
6092	0.977877
6093	0.977877
6094	0.977877
6095	0.977877
6096	0.977877
6097	0.977877
6098	0.977877
6099	0.977877
6100	0.977877
6101	0.977877
6102	0.977877
6103	0.977877
6104	0.977877
6105	0.977877
6106	0.977877
6107	0.977877
6108	0.977877
6109	0.977877
6110	0.977877
6111	0.977877
6112	0.977877
6113	0.977877
6114	0.977877
6115	0.977877
6116	0.977877
6117	0.977877
6118	0.977877
6119	0.977877
6120	0.977877
6121	0.977877
6122	0.977877
6123	0.977877
6124	0.977877
6125	0.977877
6126	0.977877
6127	0.977877
6128	0.977877
6129	0.977877
6130	0.977877
6131	0.977877
6132	0.977877
6133	0.977877
6134	0.977877
6135	0.977877
6136	0.977877
6137	0.977877
6138	0.977877
6139	0.977877
6140	0.977877
6141	0.977877
6142	0.977877
6143	0.977877
6144	0.977877
6145	0.977877
6146	0.977877
6147	0.977877
6148	0.977877
6149	0.977877
6150	0.977877
6151	0.977877
6152	0.977877
6153	0.977877
6154	0.977877
6155	0.977877
6156	0.977877
6157	0.977877
6158	0.977877
6159	0.977877
6160	0.977877
6161	0.977877
6162	0.977877
6163	0.977877
6164	0.977877
6165	0.977877
6166	0.977877
6167	0.977877
6168	0.977877
6169	0.977877
6170	0.977877
6171	0.977877
6172	0.977877
6173	0.977877
6174	0.977877
6175	0.977877
6176	0.977877
6177	0.977877
6178	0.977877
6179	0.977877
6180	0.977877
6181	0.977877
6182	0.977877
6183	0.977877
6184	0.977877
6185	0.977877
6186	0.977877
6187	0.977877
6188	0.977877
6189	0.977877
6190	0.977877
6191	0.977877
6192	0.977877
6193	0.977877
6194	0.977877
6195	0.977877
6196	0.977877
6197	0.977877
6198	0.977877
6199	0.977877
6200	0.977877
6201	0.977877
6202	0.977877
6203	0.977877
6204	0.977877
6205	0.977877
6206	0.977877
6207	0.977877
6208	0.977877
6209	0.977877
6210	0.977877
6211	0.977877
6212	0.977877
6213	0.977877
6214	0.977877
6215	0.977877
6216	0.977877
6217	0.977877
6218	0.977877
6219	0.977877
6220	0.977877
6221	0.977877
6222	0.977877
6223	0.977877
6224	0.977877
6225	0.977877
6226	0.977877
6227	0.977877
6228	0.977877
6229	0.977877
6230	0.977877
6231	0.977877
6232	0.977877
6233	0.977877
6234	0.977877
6235	0.977877
6236	0.977877
6237	0.977877
6238	0.977877
6239	0.977877
6240	0.977877
6241	0.977877
6242	0.977877
6243	0.977877
6244	0.977877
6245	0.977877
6246	0.977877
6247	0.977877
6248	0.977877
6249	0.977877
6250	0.977877
6251	0.977877
6252	0.977877
6253	0.977877
6254	0.977877
6255	0.977877
6256	0.977877
6257	0.977877
6258	0.977877
6259	0.977877
6260	0.977877
6261	0.977877
6262	0.977877
6263	0.977877
6264	0.977877
6265	0.977877
6266	0.977877
6267	0.977877
6268	0.977877
6269	0.977877
6270	0.977877
6271	0.977877
6272	0.977877
6273	0.977877
6274	0.977877
6275	0.977877
6276	0.977877
6277	0.977877
6278	0.977877
6279	0.977877
6280	0.977877
6281	0.977877
6282	0.977877
6283	0.977877
6284	0.977877
6285	0.977877
6286	0.977877
6287	0.977877
6288	0.977877
6289	0.977877
6290	0.977877
6291	0.977877
6292	0.977877
6293	0.977877
6294	0.977877
6295	0.977877
6296	0.977877
6297	0.977877
6298	0.977877
6299	0.977877
6300	0.977877
6301	0.977877
6302	0.977877
6303	0.977877
6304	0.977877
6305	0.977877
6306	0.977877
6307	0.977877
6308	0.977877
6309	0.977877
6310	0.977877
6311	0.977877
6312	0.977877
6313	0.977877
6314	0.977877
6315	0.977877
6316	0.977877
6317	0.977877
6318	0.977877
6319	0.977877
6320	0.977877
6321	0.977877
6322	0.977877
6323	0.977877
6324	0.977877
6325	0.977877
6326	0.977877
6327	0.977877
6328	0.977877
6329	0.977877
6330	0.977877
6331	0.977877
6332	0.977877
6333	0.977877
6334	0.977877
6335	0.977877
6336	0.977877
6337	0.977877
6338	0.977877
6339	0.977877
6340	0.977877
6341	0.977877
6342	0.977877
6343	0.977877
6344	0.977877
6345	0.977877
6346	0.977877
6347	0.977877
6348	0.977877
6349	0.977877
6350	0.977877
6351	0.977877
6352	0.977877
6353	0.977877
6354	0.977877
6355	0.977877
6356	0.977877
6357	0.977877
6358	0.977877
6359	0.977877
6360	0.977877
6361	0.977877
6362	0.977877
6363	0.977877
6364	0.977877
6365	0.977877
6366	0.977877
6367	0.977877
6368	0.977877
6369	0.977877
6370	0.977877
6371	0.977877
6372	0.977877
6373	0.977877
6374	0.977877
6375	0.977877
6376	0.977877
6377	0.977877
6378	0.977877
6379	0.977877
6380	0.977877
6381	0.977877
6382	0.977877
6383	0.977877
6384	0.977877
6385	0.977877
6386	0.977877
6387	0.977877
6388	0.977877
6389	0.977877
6390	0.977877
6391	0.977877
6392	0.977877
6393	0.977877
6394	0.977877
6395	0.977877
6396	0.977877
6397	0.977877
6398	0.977877
6399	0.977877
6400	0.977877
6401	0.977877
6402	0.977877
6403	0.977877
6404	0.977877
6405	0.977877
6406	0.977877
6407	0.977877
6408	0.977877
6409	0.977877
6410	0.977877
6411	0.977877
6412	0.977877
6413	0.977877
6414	0.977877
6415	0.977877
6416	0.977877
6417	0.977877
6418	0.977877
6419	0.977877
6420	0.977877
6421	0.977877
6422	0.977877
6423	0.977877
6424	0.977877
6425	0.977877
6426	0.977877
6427	0.977877
6428	0.977877
6429	0.977877
6430	0.977877
6431	0.977877
6432	0.977877
6433	0.977877
6434	0.977877
6435	0.977877
6436	0.977877
6437	0.977877
6438	0.977877
6439	0.977877
6440	0.977877
6441	0.977877
6442	0.977877
6443	0.977877
6444	0.977877
6445	0.977877
6446	0.977877
6447	0.977877
6448	0.977877
6449	0.977877
6450	0.977877
6451	0.977877
6452	0.977877
6453	0.977877
6454	0.977877
6455	0.977877
6456	0.977877
6457	0.977877
6458	0.977877
6459	0.977877
6460	0.977877
6461	0.977877
6462	0.977877
6463	0.977877
6464	0.977877
6465	0.977877
6466	0.977877
6467	0.977877
6468	0.977877
6469	0.977877
6470	0.977877
6471	0.977877
6472	0.977877
6473	0.977877
6474	0.977877
6475	0.977877
6476	0.977877
6477	0.977877
6478	0.977877
6479	0.977877
6480	0.977877
6481	0.977877
6482	0.977877
6483	0.977877
6484	0.977877
6485	0.977877
6486	0.977877
6487	0.977877
6488	0.977877
6489	0.977877
6490	0.977877
6491	0.977877
6492	0.977877
6493	0.977877
6494	0.977877
6495	0.977877
6496	0.977877
6497	0.977877
6498	0.977877
6499	0.977877
6500	0.977877
6501	0.977877
6502	0.977877
6503	0.977877
6504	0.977877
6505	0.977877
6506	0.977877
6507	0.977877
6508	0.977877
6509	0.977877
6510	0.977877
6511	0.977877
6512	0.977877
6513	0.977877
6514	0.977877
6515	0.977877
6516	0.977877
6517	0.977877
6518	0.977877
6519	0.977877
6520	0.977877
6521	0.977877
6522	0.977877
6523	0.977877
6524	0.977877
6525	0.977877
6526	0.977877
6527	0.977877
6528	0.977877
6529	0.977877
6530	0.977877
6531	0.977877
6532	0.977877
6533	0.977877
6534	0.977877
6535	0.977877
6536	0.977877
6537	0.977877
6538	0.977877
6539	0.977877
6540	0.977877
6541	0.977877
6542	0.977877
6543	0.977877
6544	0.977877
6545	0.977877
6546	0.977877
6547	0.977877
6548	0.977877
6549	0.977877
6550	0.977877
6551	0.977877
6552	0.977877
6553	0.977877
6554	0.977877
6555	0.977877
6556	0.977877
6557	0.977877
6558	0.977877
6559	0.977877
6560	0.977877
6561	0.977877
6562	0.977877
6563	0.977877
6564	0.977877
6565	0.977877
6566	0.977877
6567	0.977877
6568	0.977877
6569	0.977877
6570	0.977877
6571	0.977877
6572	0.977877
6573	0.977877
6574	0.977877
6575	0.977877
6576	0.977877
6577	0.977877
6578	0.977877
6579	0.977877
6580	0.977877
6581	0.977877
6582	0.977877
6583	0.977877
6584	0.977877
6585	0.977877
6586	0.977877
6587	0.977877
6588	0.977877
6589	0.977877
6590	0.977877
6591	0.977877
6592	0.977877
6593	0.977877
6594	0.977877
6595	0.977877
6596	0.977877
6597	0.977877
6598	0.977877
6599	0.977877
6600	0.977877
6601	0.977877
6602	0.977877
6603	0.977877
6604	0.977877
6605	0.977877
6606	0.977877
6607	0.977877
6608	0.977877
6609	0.977877
6610	0.977877
6611	0.977877
6612	0.977877
6613	0.977877
6614	0.977877
6615	0.977877
6616	0.977877
6617	0.977877
6618	0.977877
6619	0.977877
6620	0.977877
6621	0.977877
6622	0.977877
6623	0.977877
6624	0.977877
6625	0.977877
6626	0.977877
6627	0.977877
6628	0.977877
6629	0.977877
6630	0.977877
6631	0.977877
6632	0.977877
6633	0.977877
6634	0.977877
6635	0.977877
6636	0.977877
6637	0.977877
6638	0.977877
6639	0.977877
6640	0.977877
6641	0.977877
6642	0.977877
6643	0.977877
6644	0.977877
6645	0.977877
6646	0.977877
6647	0.977877
6648	0.977877
6649	0.977877
6650	0.977877
6651	0.977877
6652	0.977877
6653	0.977877
6654	0.977877
6655	0.977877
6656	0.977877
6657	0.977877
6658	0.977877
6659	1
## No. organisms: 20
## Seeds        : 1477203148, 68566
## Runtime      : 1h 9m 35s.
## Started at   : Mon Nov 11 23:32:28 2019
## Ended at     : Tue Nov 12 00:42:03 2019
