8586
1
1	1	1	1	1	00111100101110	00000000000000	01001010000110	0	0
1	2	2	1	2	11010011101000	10011111000000	01010111010011	0	1
1	3	3	1	3	01011110000111	00001000001100	11011000010011	0	0
1	4	2	1	4	01110001000110	01101011110110	01010100100101	0	0
1	5	2	2	1	00001111101101	11001000001111	10001101101001	0	0
1	6	2	2	2	00111110011011	01001100000011	00010000111011	0	0
1	7	2	2	3	11111101010101	00110111001101	10110100100101	0	0
1	8	2	2	4	00110000111101	00100111010110	10101111010010	0	0
1	9	3	3	1	00101000111110	00011000101011	00110100011101	0	1
1	10	2	3	2	10010000001001	00100000111110	10011011100101	0	0
1	11	2	3	3	10111000110001	11000111100000	00001111100001	0	1
1	12	2	3	4	01111001110001	01010000110010	11110101111000	0	0
1	13	2	4	1	00010111000010	10111000101000	01010001010000	0	0
1	14	1	4	2	11001111101111	10000000000000	00101011100111	0	0
1	15	2	4	3	00001010000110	01100100101111	01001110011111	0	0
1	16	2	4	4	10011000011000	11110000101101	11001111011101	0	0
1	17	3	5	1	11101101111001	01100000010001	11101100100000	0	0
1	18	3	5	2	01000100010111	00011000010100	10100011100111	0	1
1	19	1	5	3	11100010010100	01000000000000	11101001110001	0	0
1	20	1	5	4	11001011110001	11000000000000	01001101100010	0	0
2	1	2	1	1	00011101110001	11100101010111	11101010100001	0	0
2	2	2	1	2	11011010110011	01101010011110	01000100011101	0	0
2	3	2	1	3	11110001100001	10001010001000	00100011101100	0	0
2	4	2	1	4	11010010001010	11001000100000	10100010110011	0	0
2	5	3	2	1	01001011100011	01011000001101	11101101110010	0	1
2	6	1	2	2	10010111110111	00000000000000	11100111000010	0	0
2	7	1	2	3	01100100101101	10000000000000	11011111101001	0	0
2	8	2	2	4	00001110011111	00000000110010	10001111000110	0	0
2	9	2	3	1	11111111100111	01111010111100	00110101101000	0	1
2	10	1	3	2	10101001111110	01000000000000	01001000000110	0	0
2	11	1	3	3	11001111100000	11000000000000	10111110011000	0	0
2	12	2	3	4	10101111101000	01001000101010	11001101101011	0	0
2	13	3	4	1	10101111100111	11000011001100	11001110000000	0	0
2	14	3	4	2	01000011000010	10111111011101	00110010101011	0	1
2	15	2	4	3	01001101111001	01100011110110	01100001001111	0	0
2	16	2	4	4	00011111101001	00001010100001	11011100010010	0	0
2	17	2	5	1	00101110011101	00001110011110	10100110111011	0	1
2	18	2	5	2	01011111100101	10111011010110	10000011010001	0	0
2	19	3	5	3	01110111111101	00111110100011	01100100001010	0	0
2	20	2	5	4	11101000110101	11100011111001	10110100110001	0	0
3	1	2	1	1	11011001101000	00010111111010	00101100010101	0	0
3	2	2	1	2	00111110100101	00000111000000	10111101001101	0	0
3	3	3	1	3	10100111001101	01001011111100	10111011100011	0	0
3	4	2	1	4	11101110110011	10100100100100	00110010001110	0	0
3	5	3	2	1	10110011011101	11010001011010	10001110010111	0	0
3	6	2	2	2	11011110101110	00100101110010	11001000110001	0	0
3	7	2	2	3	01110100100001	10001101001011	00010000001101	0	0
3	8	2	2	4	10000001010001	00011111111101	01101011011011	0	0
3	9	2	3	1	01011000100010	00010010110100	10101100111100	0	0
3	10	1	3	2	11001111110000	00000000000000	11111101100101	0	1
3	11	2	3	3	11101111001110	11101000010100	11001111110101	0	0
3	12	3	3	4	01110110100001	10001000100110	11110111000000	0	0
3	13	1	4	1	00110101010111	10000000000000	01000010001100	0	1
3	14	3	4	2	11101110101001	00110101000101	01111011000111	0	0
3	15	2	4	3	01111011101111	10110011000110	00110100111100	0	0
3	16	2	4	4	00010010000011	11001001111001	11111001100110	0	0
3	17	2	5	1	10110010010010	11011110011110	00011100000101	0	0
3	18	1	5	2	11110111001011	01000000000000	00000111010001	0	1
3	19	2	5	3	10101100011101	00010010110101	01000011101101	0	1
3	20	1	5	4	00101011011001	11000000000000	00001101010111	0	0
4	1	1	1	1	00010010011100	00000000000000	01011000100000	0	1
4	2	2	1	2	11000001001110	11101010111111	00100000110101	0	0
4	3	2	1	3	00110001000000	11000101010111	00001001000111	0	0
4	4	2	1	4	11101010001100	01010101011001	01000010101101	0	0
4	5	2	2	1	00000000101110	00011011000000	01000011100010	0	0
4	6	2	2	2	11000110100001	00110011001100	00101000001001	0	0
4	7	1	2	3	00011000011001	10000000000000	01010001111001	0	0
4	8	2	2	4	10011101111110	00001111100111	11001111000101	0	1
4	9	2	3	1	10001011010010	11111010110100	01101001111111	0	1
4	10	2	3	2	10100111111110	00001110110011	00000101000100	0	0
4	11	2	3	3	10000011001110	10101101010101	11001110000000	0	1
4	12	1	3	4	00000111110111	01000000000000	11011000101101	0	0
4	13	1	4	1	00001101001010	11000000000000	00111100100111	0	0
4	14	3	4	2	11101101010000	11100100111000	11000000010100	0	0
4	15	2	4	3	01011100000101	11110011000001	11001110010101	0	0
4	16	2	4	4	10111101100000	11110011001011	11100000111100	0	0
4	17	3	5	1	01000000001011	00101110000010	10110000000100	0	0
4	18	3	5	2	11100101111111	10100001011110	01010010110101	0	0
4	19	2	5	3	11110001010001	00001010101000	11100111110000	0	0
4	20	3	5	4	10000110111000	00011100010001	10010111100000	0	0
5	1	2	1	1	01111011101001	11101100000110	11010101011110	0	0
5	2	1	1	2	10110110100000	00000000000000	01100011110101	0	1
5	3	1	1	3	10101110011001	10000000000000	01010100000010	0	0
5	4	2	1	4	01101100110110	10111011100001	10000101001101	0	1
5	5	3	2	1	10000001011001	01100110111001	01110101101010	0	0
5	6	1	2	2	01001110100011	01000000000000	10000101101100	0	0
5	7	2	2	3	11100111000010	00001100001111	01000001110111	0	0
5	8	1	2	4	00001000110000	11000000000000	11000010111011	0	0
5	9	2	3	1	01011010010100	00000010010101	11100100100000	0	1
5	10	2	3	2	11111011010000	11100000110101	10100011010001	0	0
5	11	2	3	3	10110010000001	11010011111100	11010111101110	0	0
5	12	2	3	4	01101100100011	10101110110000	00001100110101	0	0
5	13	2	4	1	00001010001101	11110010100000	11010000000101	0	1
5	14	3	4	2	10001000001111	11101111000010	11101101100100	0	0
5	15	2	4	3	01110010111001	00001110010001	10100010001001	0	0
5	16	3	4	4	00101100011111	10011000010100	11000010000001	0	0
5	17	3	5	1	00100100110100	00011001100100	01010010000100	0	0
5	18	2	5	2	11111010001101	00010011100001	10001011101010	0	0
5	19	2	5	3	01100110111010	10000110110100	00111111100101	0	0
5	20	2	5	4	00000001100011	00110111101001	01000110000001	0	0
6	1	1	1	1	11011010100011	11000011101001	10010000001000	0	0
6	2	2	1	2	11100010110110	11000011110010	10000010000001	0	1
6	3	1	1	3	00000000100001	10011100010000	10110111000000	0	0
6	4	3	1	4	01001001101110	11111000110001	00000000111110	0	0
6	5	2	2	1	10110101100110	11100100000010	01110101101110	0	0
6	6	2	2	2	10011001111011	10100110111111	10011010111111	0	0
6	7	3	2	3	01001011111110	10000001010000	11111011111100	0	0
6	8	2	2	4	11000111001110	01100101100110	01100011110001	0	0
6	9	3	3	1	01000010000011	10011011010101	00000100001010	0	1
6	10	2	3	2	01000101111101	11101101010101	01100101101101	0	0
6	11	2	3	3	10011001111000	10001110011111	00011010011110	0	0
6	12	2	3	4	01110101100100	11111111110011	11000000010100	0	0
6	13	2	4	1	10101110100011	10011011101100	11110000000001	0	0
6	14	2	4	2	00100011101000	01110011101001	01011101011000	0	0
6	15	2	4	3	11011101011000	11101011011111	10001111011110	0	0
6	16	2	4	4	01010010101001	11101111010010	00111010011000	0	0
6	17	2	5	1	11101100001110	01011101100101	10101000111011	0	0
6	18	1	5	2	00001010011110	00000011111111	00110001000111	0	0
6	19	1	5	3	01111100100110	01000000111110	00101010000110	0	1
6	20	3	5	4	11100011010110	11110011110001	11100010101000	0	1
7	1	1	1	1	01111011010101	00001010001101	11001101101100	0	0
7	2	2	1	2	10100001100110	00100000001111	11001001001001	0	0
7	3	2	1	3	00110001100110	00110111011111	00101001111000	0	0
7	4	3	1	4	01100111001000	10001110111000	11110011011111	0	0
7	5	2	2	1	10110011111101	10110000101101	11010011110111	0	1
7	6	1	2	2	01000001100101	11001010000011	11011001110010	0	0
7	7	3	2	3	10110110101001	01101001000011	11101111101010	0	0
7	8	1	2	4	01000101111001	11011110111011	11101001100010	0	0
7	9	3	3	1	00000100100010	00110000001111	01111110010011	0	0
7	10	3	3	2	10001011011101	11010001010000	00011100100101	0	1
7	11	2	3	3	00111000100001	10111011010011	01101000010001	0	0
7	12	2	3	4	00111101100011	00110010011101	10000001101000	0	1
7	13	2	4	1	01001100011110	01111100110110	10011110011100	0	0
7	14	2	4	2	10111010000111	00101000010000	01001111110011	0	1
7	15	2	4	3	11111110100011	11010111000010	11001000110110	0	0
7	16	2	4	4	10000010010100	11101110010100	10100010001011	0	0
7	17	1	5	1	01100101100110	10001111000010	10000111100011	0	0
7	18	2	5	2	01101100000100	00110101111011	11011100111110	0	0
7	19	2	5	3	00100100111001	01111110000101	01010010111101	0	0
7	20	2	5	4	10010101100111	00111110011101	10100100000110	0	0
8	1	2	1	1	10010101100010	10100001001101	01111101100101	0	0
8	2	1	1	2	11101100010000	01100001101111	10011110111101	0	0
8	3	2	1	3	10000101101111	00100111111010	10111010111010	0	0
8	4	2	1	4	01000100101101	00010010010000	11101100110101	0	0
8	5	1	2	1	11010111010101	10101110110011	11101110110010	0	0
8	6	2	2	2	01110000001010	01010010110100	00110000101011	0	0
8	7	3	2	3	00100110011011	01010111110011	01001011010100	0	1
8	8	2	2	4	00111111010010	00010010100111	11110110100110	0	0
8	9	2	3	1	00100101111010	01110111010111	01001000101110	0	0
8	10	3	3	2	01001000110000	00000010001001	01010001000010	0	1
8	11	2	3	3	11011110000011	01010111000100	10001111100100	0	1
8	12	1	3	4	10011100111101	10100110100010	01001011111000	0	0
8	13	3	4	1	01000111110010	11100001001110	11011100110001	0	0
8	14	3	4	2	11110101111011	01000000010110	01000001010000	0	0
8	15	2	4	3	10111011111101	00110101000101	10100000101100	0	0
8	16	1	4	4	11111011100010	10011100001101	10110111100111	0	0
8	17	2	5	1	10111010000110	11100011110101	11101110010010	0	1
8	18	2	5	2	11111010011001	10001100101001	01001110111100	0	0
8	19	2	5	3	10101110111101	11011011000100	01000110010010	0	0
8	20	2	5	4	11010011000110	01100000111110	11111001000110	0	0
9	1	1	1	1	11000001001111	10001111110001	00011001110001	0	0
9	2	2	1	2	01110010110010	01000110111111	01001100101010	0	0
9	3	2	1	3	01100101110011	10101001100100	11111110010110	0	0
9	4	3	1	4	01111111011101	00010010100010	11100000010101	0	0
9	5	2	2	1	01001100110111	00010110010110	11001001011011	0	0
9	6	2	2	2	11111011100011	01000110111100	11010001011100	0	1
9	7	3	2	3	00110010000100	11101011011101	10010100000010	0	0
9	8	1	2	4	10111100000111	00101100001110	00100101010011	0	0
9	9	1	3	1	10110100111101	11100100111111	00111010010000	0	0
9	10	2	3	2	10001101011001	10000000100010	00001100100100	0	0
9	11	2	3	3	00010001001000	11001011011110	10010101001111	0	1
9	12	1	3	4	00011011101111	01111100100011	01011001101111	0	0
9	13	2	4	1	11011110100001	10010101111110	00001100100110	0	1
9	14	2	4	2	11101000001001	00111110100100	11010000010101	0	0
9	15	2	4	3	10100100100001	00101010011110	10011001101000	0	1
9	16	3	4	4	11000010011010	01100001010101	01000001011000	0	0
9	17	3	5	1	11010010001111	11001011011111	10100001010101	0	0
9	18	2	5	2	00000010110100	01001110101001	00010001011000	0	0
9	19	2	5	3	11110011001011	00100000010101	01001111111001	0	0
9	20	2	5	4	10111100111100	11101100101111	00100110101100	0	0
10	1	2	1	1	01000100011001	10001001110101	10001010000100	0	0
10	2	2	1	2	11000010010011	10011100000110	10100011001010	0	0
10	3	2	1	3	00101110100100	11101101111111	10101001011011	0	0
10	4	2	1	4	00001001011101	01110100100100	00001010010110	0	0
10	5	1	2	1	01111000010100	10100000110101	01110001000000	0	0
10	6	1	2	2	10100111010111	00111101010110	11010111001101	0	1
10	7	1	2	3	01001111011010	11011111000000	10100001100101	0	0
10	8	3	2	4	01110011010101	01110001110000	10110100101010	0	0
10	9	2	3	1	11011111101111	00001001101011	11110111001000	0	0
10	10	3	3	2	10010110011100	11110101001010	01000100111111	0	0
10	11	3	3	3	00011011010010	01011011100110	11000110101001	0	0
10	12	2	3	4	01001100000110	10100000011011	01010111110101	0	0
10	13	2	4	1	11101011010110	11110110000011	00110101000000	0	0
10	14	2	4	2	11100111101110	10010111011110	10000110100101	0	1
10	15	3	4	3	11101011111110	10110011110100	00011101110010	0	0
10	16	2	4	4	01101100011110	00101001110011	10110000011000	0	0
10	17	2	5	1	00010011000111	10011000110001	11100001111010	0	0
10	18	2	5	2	11001011101011	11101000001010	10010111110000	0	1
10	19	1	5	3	00000111001111	01000001101110	11001010000111	0	0
10	20	2	5	4	10111111010000	10111101111100	00000001000000	0	1
11	1	2	1	1	00001010010111	01100110101110	01000001001110	0	0
11	2	1	1	2	00001100011001	10101111010001	10110001011110	0	0
11	3	1	1	3	00100111101100	00001111011000	00100100101010	0	0
11	4	2	1	4	10111000011011	00010100000011	11100001101110	0	1
11	5	1	2	1	10100100001110	11100010000000	01111100011110	0	0
11	6	2	2	2	00001101000101	10011010001000	00000010011010	0	0
11	7	2	2	3	01101011001100	00000011010110	01100100111100	0	0
11	8	3	2	4	11101000000110	00100101011010	10001001001011	0	1
11	9	2	3	1	01100011011001	01111110101000	11011101000000	0	0
11	10	2	3	2	11111010010001	00111110111101	01010110001001	0	0
11	11	2	3	3	00101101101011	00111010011001	00010000111001	0	0
11	12	3	3	4	10110011100000	10011000010000	01011001111110	0	0
11	13	2	4	1	10100110001111	01000000111100	11111110011001	0	0
11	14	2	4	2	00111011110111	01100001101000	00000001110000	0	1
11	15	1	4	3	10110101010101	00100001101011	00100100101010	0	0
11	16	2	4	4	10010101110100	00100000010100	01010000110011	0	0
11	17	3	5	1	10010100010110	10000001001000	01110001000101	0	0
11	18	2	5	2	11011111101110	11010000110110	10001000110100	0	0
11	19	2	5	3	11101011101101	01111000111100	00000011000000	0	1
11	20	3	5	4	00010100110110	01110010110011	01111011110010	0	0
12	1	1	1	1	11011111001110	01100100101011	11101010101100	0	0
12	2	2	1	2	11010001001101	00111100001111	10001101100101	0	0
12	3	2	1	3	00000010100110	10000100101101	11000000001011	0	1
12	4	2	1	4	10110010111010	10110000100011	10010110001001	1	1
12	5	1	1	5	11100011011110	11010000111110	01011011010100	0	0
12	6	2	2	1	11001001011111	00101111110001	00100011010010	0	1
12	7	3	2	2	10100000101001	11110000010011	00111011111101	0	0
12	8	3	2	3	10101001110100	00100111011101	11100100101101	0	1
12	9	2	2	4	01110000011000	01000010100001	01111001001110	1	1
12	10	2	2	5	10101001111000	01111010101111	01000100001101	0	0
12	11	2	3	1	00000111000110	11011011001000	11010011101100	0	0
12	12	2	3	2	10011001000000	01110101100001	10010011111101	1	0
12	13	2	3	3	11010100001110	00001011100001	01001110000001	0	0
12	14	2	3	4	00110111100010	11011100001101	01011011000110	0	0
12	15	2	3	5	01101010101101	01000100010101	11101010100111	0	0
12	16	1	4	1	00001000100110	00000011100110	00011101000010	0	1
12	17	2	4	2	11100001011101	01101110010101	00111100010010	0	0
12	18	2	4	3	00110101111111	11111000101111	00010100101000	1	0
12	19	1	4	4	10100011100111	10101011110100	00100101101110	0	0
12	20	3	4	5	01101111111101	00101011011000	10011111010110	0	1
12	21	2	5	1	01000110110110	00101000000110	01101111111100	0	0
12	22	2	5	2	11001111000111	01110100001101	11101110000000	0	0
12	23	2	5	3	00000111001101	00000000100011	10111100011001	1	1
12	24	2	5	4	00100100000000	00001110110001	01000011000111	0	0
12	25	3	5	5	11110010111110	00100001101001	10001111100011	0	0
13	1	2	1	1	10110010011010	10010001010110	00001111001110	1	0
13	2	1	1	2	00110011001010	10000000110010	10011101111011	0	0
13	3	3	1	3	01000110111111	00001010110010	10101111100000	0	0
13	4	2	1	4	11000111111110	11100100001010	01011010100010	0	0
13	5	2	1	5	10100000111001	01101010101010	11111011101100	1	0
13	6	2	2	1	11000101001011	10110010011100	00101000010100	1	1
13	7	2	2	2	01000000011100	01110110001001	00111010011100	1	1
13	8	2	2	3	10100000000111	11000001010000	00110011110010	1	0
13	9	2	2	4	00000001000011	11101010001100	00001110111110	0	1
13	10	3	2	5	00000110001101	00100011011101	01000110111011	0	0
13	11	1	3	1	10100110111110	11010011010000	10000011011001	0	1
13	12	3	3	2	01111101111110	00100011110010	01100111111111	0	0
13	13	2	3	3	01011111101000	10100100111011	11101100110100	0	0
13	14	2	3	4	00111010001000	10000000001010	00010111110001	0	0
13	15	2	3	5	10011000010110	11111001111110	00001101110110	0	0
13	16	2	4	1	00001100011111	01001100100110	00110001111000	0	1
13	17	2	4	2	01101111001011	10110011111010	10101000001110	0	0
13	18	2	4	3	01000000100010	11000110011111	01111110010100	0	0
13	19	1	4	4	00010101110101	10011101100011	11100100001000	0	0
13	20	1	4	5	01011010010000	00100111111111	01100110111011	0	1
13	21	2	5	1	10101011001111	10010101101110	11010100110010	0	0
13	22	3	5	2	11011100001011	01100110101110	01101011111000	0	1
13	23	2	5	3	10110101101011	00101000010110	00110100100000	0	1
13	24	2	5	4	00010110111001	01010110001000	10101111010001	0	0
13	25	2	5	5	11100000011100	00000100010100	00000011010111	0	0
14	1	3	1	1	01100110001100	10000110110101	00111101101100	0	0
14	2	1	1	2	10000000110100	00110011101001	01110100111100	0	0
14	3	2	1	3	00100100001100	10100111111100	01111000000110	0	0
14	4	3	1	4	00110110101101	10111000001101	10011110101110	0	0
14	5	2	1	5	01110111101110	00011110100011	10100110001110	1	0
14	6	2	2	1	01000000101100	01110000111000	01100101001100	0	1
14	7	2	2	2	00011000011111	01001110100000	01100110110111	0	1
14	8	2	2	3	00011110001101	11100001001000	10100010010111	1	0
14	9	3	2	4	00101110010101	11111111010111	00110011110001	0	0
14	10	2	2	5	11100001100111	00000011100001	11110111010100	0	0
14	11	2	3	1	01111100001010	10010111000010	10111111010001	1	1
14	12	2	3	2	00011001111011	10101001000101	11010001111010	0	1
14	13	2	3	3	00001101011100	01111111100001	01100011100110	0	0
14	14	1	3	4	11110011111101	10000000100001	11101011010100	0	1
14	15	2	3	5	01110010001111	00110110101111	00000001110001	0	0
14	16	2	4	1	10100011001010	10000010101111	11110001000100	1	1
14	17	3	4	2	10101000110100	10000010011011	00011001110111	0	0
14	18	2	4	3	10001011110001	11000011001010	11000111011101	0	0
14	19	1	4	4	01100111011100	00011100101011	11111001110011	0	0
14	20	2	4	5	00100011101011	00001101000100	01000000000001	1	0
14	21	2	5	1	01111010011110	10100001010010	10111000011100	0	1
14	22	2	5	2	01101001001001	11100110100000	10100000001001	0	1
14	23	2	5	3	11101001100101	00111100011010	10111010011001	0	0
14	24	1	5	4	10000000100101	11011001001001	01110001000111	0	0
14	25	2	5	5	11110101111101	10100010110101	10000111100011	0	0
15	1	1	1	1	01010000100010	00011000110110	01101000111101	0	0
15	2	1	1	2	00000011110001	11111001110010	01110101110110	0	1
15	3	2	1	3	10000010111001	10101010110110	01100110011111	0	0
15	4	2	1	4	00001100100001	01100011000110	01101011000100	1	0
15	5	2	1	5	10010011001110	01111011110000	10101110011001	0	0
15	6	2	2	1	10011101100100	10010111101001	11001100000101	0	1
15	7	2	2	2	10010011001101	01000100010111	01011110011011	0	0
15	8	3	2	3	11111010010110	10001101011010	00000000010101	0	1
15	9	2	2	4	00000010011101	11001101110100	01101011001001	1	0
15	10	1	2	5	10001101111010	00001110111001	01100101101011	0	1
15	11	3	3	1	00001000100111	01100001110110	11000100110100	0	1
15	12	2	3	2	11000001010001	00010001000111	01011101101000	1	0
15	13	1	3	3	10110000100001	01000111001110	11100001000000	0	0
15	14	2	3	4	10101011010010	11001010010000	11101111000111	0	1
15	15	2	3	5	11110000100010	00111011011010	01110100010000	0	0
15	16	2	4	1	01100000010111	00001011001101	01001011000111	0	0
15	17	3	4	2	01100110011010	10111111011011	10111001001001	0	0
15	18	2	4	3	01110001001101	11011100011111	00010111100010	0	0
15	19	3	4	4	00101000100010	01101001001001	11010010011101	0	0
15	20	2	4	5	00000011011011	00001110001011	00100001111001	0	1
15	21	2	5	1	11011000000100	10000100001111	01111100110101	1	0
15	22	2	5	2	11111010111001	01000100100100	00011101000110	0	1
15	23	2	5	3	10111100000110	00101010101001	10101000001010	0	0
15	24	2	5	4	00001011101110	01011111001010	00110100001001	0	0
15	25	2	5	5	01110110110000	11101010000011	10001001110100	1	0
16	1	2	1	1	01001110111011	01110011101100	11111100110011	0	0
16	2	2	1	2	10100111101101	01100100101110	10100101110110	0	0
16	3	2	1	3	11001000010011	00001111111001	11101100001011	1	0
16	4	2	1	4	00100110110001	11000101100001	01111111001011	0	0
16	5	2	1	5	00000000110011	01010011000000	10101001110001	0	0
16	6	3	2	1	10001010010101	11101000011000	01110001011011	0	0
16	7	2	2	2	11010000001100	01000111111111	10001010101100	0	0
16	8	3	2	3	11010000100001	01101001010010	11111111100000	0	0
16	9	1	2	4	10001001100000	01001111010010	01110101111101	0	0
16	10	1	2	5	10001100001011	00110111111011	10100000100011	0	0
16	11	2	3	1	11001100110011	11000100001010	11010110000111	0	0
16	12	3	3	2	01001111011000	00001001010001	11001010101110	0	1
16	13	2	3	3	00111111000000	00010101011000	01011000100101	1	1
16	14	1	3	4	00011001001110	01100010111011	11001100101110	0	0
16	15	2	3	5	10000000100111	10000110111111	11101010101010	1	1
16	16	3	4	1	00111100011100	11010110110001	11000011000000	0	1
16	17	2	4	2	01111100011010	11111010110100	11101010100100	0	0
16	18	2	4	3	01001101000001	10111001110100	01100011101010	1	0
16	19	2	4	4	00101110100110	10110010011101	00100111110100	0	1
16	20	2	4	5	01011111000010	00111011110100	11010011001100	0	0
16	21	2	5	1	10110000110110	11000101101100	00100111000101	0	0
16	22	1	5	2	10100100010111	00001010110010	00111111100110	0	1
16	23	2	5	3	01110111001000	00011110100101	10101000010010	0	1
16	24	2	5	4	01001101000010	00100000111000	00101000011010	0	0
16	25	2	5	5	10011001011100	10011010110110	01111000000100	1	1
17	1	1	1	1	10011111001000	01010010001011	11000111000010	0	0
17	2	3	1	2	10110110111101	00101001000101	00100011001100	0	1
17	3	2	1	3	01111111011101	00000101001001	00111101101110	0	0
17	4	3	1	4	10110100110101	11110010110001	10110110111011	0	0
17	5	2	1	5	01001100011101	00011001010100	01100100111100	0	0
17	6	2	2	1	11110001011100	01110110100011	11100011001001	1	0
17	7	2	2	2	00101110001111	00000101100010	11101111011111	0	0
17	8	1	2	3	00010011000100	11100011010100	10010000001001	0	1
17	9	2	2	4	11011110001000	11010101000101	00101110010011	1	1
17	10	2	2	5	00101111011010	00010001010000	00001110011000	0	0
17	11	2	3	1	00001000001011	01101000001110	01101101010110	0	0
17	12	2	3	2	11010110101100	00010111001100	11010000000101	0	1
17	13	2	3	3	00001010010001	01100001011100	01110100111110	0	1
17	14	2	3	4	01111001100001	11001000001000	01011010101000	1	0
17	15	2	3	5	00100111010101	11110110010101	01000100111100	0	0
17	16	3	4	1	00110100100011	01101100010110	01100101001010	0	1
17	17	2	4	2	00010000011110	10101111010101	11001100110110	0	0
17	18	1	4	3	01111111100111	01110110010010	11010101101011	0	0
17	19	1	4	4	01000101011101	10101101010011	11110111110011	0	1
17	20	2	4	5	00010100100110	11101111011011	01000010010000	0	0
17	21	2	5	1	00011001001111	11110000010011	00010011010101	1	1
17	22	2	5	2	11011111110000	00010010110111	01111110111010	1	0
17	23	3	5	3	10010111000110	01100111111100	00000010000001	0	0
17	24	2	5	4	11100111010011	10101110001110	00001110000101	0	0
17	25	2	5	5	11010011100001	11101110100100	00011010000010	0	0
