7643
0.959609
1	1	1	1	1	11111011101001	00000000000000	00111110111010	0	1
1	2	1	1	2	11001001111100	10000000000000	11010011011110	0	0
1	3	3	1	3	11000110000001	00100101011010	00001011010111	0	0
1	4	3	1	4	01011101101110	00101100001110	00101110001001	0	0
1	5	2	2	1	10101101111110	00110011011011	11101001010000	0	1
1	6	2	2	2	10111001001111	10011001010111	10101100000010	0	0
1	7	2	2	3	01001100001000	11010110110000	10011101111011	0	0
1	8	2	2	4	01101011111011	01010000110001	00100001011011	0	0
1	9	2	3	1	00001111010101	00110100100011	11001100011101	0	0
1	10	2	3	2	10010001010101	11010011100010	01001011011000	0	0
1	11	2	3	3	00110011100100	10010011001001	01110000111001	0	0
1	12	2	3	4	01001111000010	10101100111000	11111011010000	0	0
1	13	2	4	1	10101011011011	11111000110000	00010010011101	0	0
1	14	3	4	2	11100100101001	11101000011100	00100000101111	0	0
1	15	2	4	3	11011001110110	00110001100000	11100011001101	0	0
1	16	2	4	4	01111111010010	11001001000110	11000111101001	0	0
1	17	1	5	1	10110010010001	01000000000000	01111100000100	0	0
1	18	2	5	2	11100110101010	11010100110101	01011001001100	0	1
1	19	3	5	3	01001110111011	11000110110010	11100111011011	0	0
1	20	1	5	4	11001111001010	11000000000000	11100001010000	0	1
2	1	3	1	1	10110011011100	01111010010100	10111001101011	0	0
2	2	2	1	2	10001110101000	00100000100111	01011111000101	0	0
2	3	3	1	3	11000110101110	10111011001110	01101001110011	0	1
2	4	2	1	4	00011000101011	00110000111001	11001011010100	0	0
2	5	2	2	1	10110110110010	00110100011000	01110100000111	0	0
2	6	2	2	2	10001100001111	10010111101110	00110101100010	0	0
2	7	1	2	3	10111110001110	00000000000000	01110011000111	0	0
2	8	1	2	4	10011000001011	10000000000000	10110000011101	0	0
2	9	2	3	1	10110000001100	10111011111010	01010001000110	0	0
2	10	2	3	2	10101100111000	00110100110010	11110000100101	0	0
2	11	2	3	3	01001001011011	00111011000001	00100111101101	0	0
2	12	1	3	4	01111011110100	01000000000000	10110110110010	0	1
2	13	2	4	1	01010111001111	00111010100111	00001000001001	0	0
2	14	1	4	2	01001101101000	11000000000000	11100111000011	0	1
2	15	3	4	3	00010100010000	11111011011010	10101110001100	0	1
2	16	2	4	4	01111001001000	11001000011010	01001011010100	0	0
2	17	3	5	1	00000001000001	10110100011100	10000001111000	0	0
2	18	2	5	2	00111001001000	00001110000011	11010111001010	0	0
2	19	2	5	3	11010110000100	11010011101010	10000100000000	0	0
2	20	2	5	4	11100011101101	01111000001011	10100011110111	0	0
3	1	3	1	1	11000100010111	10000101011001	11110011110100	0	1
3	2	2	1	2	01100101101100	10100100111011	00111110111000	0	0
3	3	3	1	3	10111101001011	10001001011001	00000001100011	0	1
3	4	1	1	4	00101110011000	00000000000000	01000001110011	0	0
3	5	2	2	1	10000110100111	10011110111101	10110010001010	0	0
3	6	1	2	2	00000011010100	10000000000000	10100000011111	0	0
3	7	2	2	3	00011100000011	10001000100100	00110101010111	0	0
3	8	1	2	4	11000100001100	01000000000000	10000101100110	0	0
3	9	3	3	1	00101001001110	10011001000010	11100001000001	0	1
3	10	2	3	2	01101001101110	11001001110111	10010101010000	0	0
3	11	2	3	3	10100100000000	00001110110001	00010001011010	0	1
3	12	3	3	4	00001010111011	10001111011010	01010001111111	0	0
3	13	2	4	1	01011001010111	11100101111010	01011000110001	0	0
3	14	2	4	2	01110110001110	10011011111101	01011000010111	0	0
3	15	2	4	3	01010100111111	01011100111000	10010001110101	0	0
3	16	2	4	4	11100011110111	00000100101010	01110101010100	0	0
3	17	2	5	1	00101010000111	11001001101111	11100000001011	0	0
3	18	1	5	2	00111001001010	11000000000000	00000000011101	0	0
3	19	2	5	3	01100110110110	00010110010001	10101011000111	0	0
3	20	2	5	4	00111100100011	10001100100111	11111100001011	0	0
4	1	2	1	1	01110101100001	01100011010101	00000011110010	0	0
4	2	1	1	2	11100000100011	00000000000000	01100011110001	0	0
4	3	2	1	3	01000101101000	11111001011110	01110010101011	0	0
4	4	2	1	4	00010111100110	00001010000011	11101011011001	0	1
4	5	2	2	1	01010000000100	01110101011001	00101101100110	0	0
4	6	1	2	2	00011100111011	10000000000000	00100111100110	0	0
4	7	3	2	3	11101111101010	00110111100111	00111001000001	0	0
4	8	2	2	4	01000101001111	11010011111101	01001100000111	0	0
4	9	1	3	1	00001100001000	01000000000000	01110000010000	0	1
4	10	2	3	2	00101000111000	11001011010011	11001111101111	0	0
4	11	2	3	3	10101010100010	10111010011101	11010001010010	0	0
4	12	2	3	4	11110011000101	10111010010110	11100100001001	0	0
4	13	2	4	1	10010000111010	11101011011100	10001010101101	0	0
4	14	3	4	2	10111110010101	00110010111111	00100110010001	0	0
4	15	3	4	3	11001010111101	11011001010100	01101100110110	0	0
4	16	3	4	4	11010110011010	11110100011100	01011001110011	0	1
4	17	2	5	1	01010001010000	11010111010100	10100010011101	0	0
4	18	2	5	2	00000011110111	00011101100000	00110100101100	0	0
4	19	1	5	3	10001001010001	11000000000000	10010111000000	0	0
4	20	2	5	4	01010100111010	01100110101001	01011001011111	0	1
5	1	2	1	1	01000010000101	01101110101011	01111001101111	0	0
5	2	2	1	2	01001000101010	01011100111011	01000100000111	0	0
5	3	3	1	3	11100110101100	01001110011110	10100111010000	0	1
5	4	2	1	4	11010100000001	01101011001111	10010010011101	0	0
5	5	2	2	1	11111011010111	00011101111010	00000000100111	0	0
5	6	3	2	2	10110111011101	11101110101001	00101100110100	0	0
5	7	2	2	3	10001100010101	01011000110111	01100011010101	0	0
5	8	1	2	4	00011010110101	00000000000000	10010010110111	0	1
5	9	1	3	1	00110000011010	10000000000000	10010100101100	0	0
5	10	3	3	2	10001000110111	00110010100110	10101000000011	0	0
5	11	3	3	3	11101110011111	11110011010010	00111111010000	0	1
5	12	2	3	4	01011000011010	00111111101001	10010010101011	0	0
5	13	2	4	1	01111000000010	11111010110000	10111110100011	0	0
5	14	2	4	2	10111101110101	00011011101110	01101100011001	0	0
5	15	1	4	3	00011101000001	01000000000000	10010100110100	0	0
5	16	2	4	4	01100101110101	01101011100100	10001101001011	0	1
5	17	2	5	1	01000110010001	10011101101110	11001100101010	0	0
5	18	1	5	2	00010000000000	11000000000000	01110011100101	0	0
5	19	2	5	3	10111010111100	10001101010101	10111001000010	0	0
5	20	2	5	4	10000101111011	01000110101000	11000110000011	0	0
6	1	2	1	1	01100101011110	01110110101010	01100001110101	0	0
6	2	3	1	2	11001101101111	01100100101110	00010100001100	0	0
6	3	2	1	3	10011011100100	01111000100011	10011111100111	0	0
6	4	1	1	4	10101111010101	11110111110111	10011110011100	0	1
6	5	2	2	1	01011000101100	00011010110100	11010000001011	0	0
6	6	3	2	2	01111001001011	01011010101000	10011100100001	0	1
6	7	2	2	3	00100001110110	01000100101100	11101111001001	0	0
6	8	3	2	4	10111101011101	00010001110101	10000011011111	0	0
6	9	1	3	1	00101000010010	01100010001100	01010111010010	0	0
6	10	2	3	2	00011001111001	10111000110011	10001111011100	0	1
6	11	2	3	3	00010101010111	10111110010110	11000111010001	0	0
6	12	2	3	4	10011111111011	01011101000100	01101001110101	0	0
6	13	2	4	1	00101001100110	11100100111011	00110100000010	0	0
6	14	2	4	2	00110011101010	10111101001011	10101011000010	0	0
6	15	1	4	3	11100100010100	00001000110010	11100001110001	0	0
6	16	1	4	4	01110100101101	10100101010100	01101011011010	0	1
6	17	2	5	1	11010010100110	10011110001010	11011000101001	0	0
6	18	2	5	2	01011010110010	00100101000010	10111010111010	0	0
6	19	2	5	3	01110100110011	00010011100110	11000001000100	0	0
6	20	3	5	4	11011010011100	01000111101100	00011100111110	0	0
7	1	1	1	1	00101000111011	01001111010110	01010110110111	0	0
7	2	2	1	2	01100011110101	01110011010011	00010000100000	0	1
7	3	2	1	3	00111011011101	01001000000100	00101010111100	0	1
7	4	3	1	4	11100010100100	11000110100010	01101010001010	0	0
7	5	1	2	1	11100100000101	00110101101000	11111000110011	0	0
7	6	2	2	2	00111000000000	11010100000010	11111110110010	0	0
7	7	2	2	3	01001101001000	10100111111011	10100010001110	0	0
7	8	2	2	4	01011101111000	11000001010000	10001010001001	0	0
7	9	2	3	1	01011100011001	01111001011111	00100111101101	0	0
7	10	2	3	2	00010101000101	11110101101110	01100111110110	0	0
7	11	1	3	3	11101101000000	10011001001111	10001101110010	0	0
7	12	2	3	4	01101010011010	00110000011010	01101001000000	0	0
7	13	3	4	1	00110010111111	01100010001001	01111011110101	0	0
7	14	2	4	2	01010011110010	01111001001100	01100001001101	0	1
7	15	3	4	3	11100111010011	11011111001101	10111110100000	0	0
7	16	1	4	4	11000110011100	10110101111011	00011000010110	0	1
7	17	2	5	1	01000101001011	01101000110101	00000010100011	0	0
7	18	2	5	2	00010100101101	01010110101010	11011011001100	0	0
7	19	3	5	3	01011101111111	01100001010001	10111010110110	0	0
7	20	2	5	4	01100011110100	11111000110010	11110001111100	0	0
8	1	1	1	1	10000001010110	10010110100111	00001001100101	0	0
8	2	1	1	2	00000010100010	11000100111000	00111100111101	0	0
8	3	2	1	3	01010001011011	00111011111011	11110101000001	0	0
8	4	3	1	4	10100000001010	00111000110001	00001111100000	0	0
8	5	3	2	1	10000011011111	00101010000010	11010000111110	0	0
8	6	2	2	2	10100111000101	10001101011110	00010011000100	0	1
8	7	2	2	3	00110111110010	11011101110101	10000101000111	0	1
8	8	2	2	4	11010001000111	10100101101100	00010011100101	0	0
8	9	2	3	1	10010101011000	10111101100101	00110100000100	0	0
8	10	3	3	2	01111111100001	00111110111110	01101000010111	0	0
8	11	1	3	3	10011010100100	11111110100111	10000000011100	0	1
8	12	2	3	4	11111101011110	10001101100110	00001010100100	0	0
8	13	2	4	1	11111001011110	00100011011101	10000010110101	0	1
8	14	3	4	2	00101100101000	11000101010000	11000110000010	0	0
8	15	1	4	3	00010100110110	11111010111110	11100111001110	0	0
8	16	2	4	4	00110100000101	11111001010101	00110000100011	0	0
8	17	2	5	1	11110100110111	11111011100010	01111011001011	0	0
8	18	2	5	2	01111000110111	11010010111110	00001001000100	0	0
8	19	2	5	3	01101001010111	01001100110111	00000010011110	0	0
8	20	2	5	4	11110110111110	01000111100110	01101010010000	0	0
9	1	1	1	1	00111101010011	00010100001001	00001010010100	0	0
9	2	3	1	2	11100001011111	10000101011111	01000010000010	0	0
9	3	1	1	3	01110001111111	00011110111111	11001110110001	0	0
9	4	3	1	4	10000101111110	10111111111110	11001011111110	0	0
9	5	2	2	1	01000110101101	10111011101101	10111011000001	0	0
9	6	2	2	2	01000100001101	01110000000101	10000010001001	0	0
9	7	2	2	3	01111010010101	11101100101001	11000100111111	0	0
9	8	2	2	4	00010100101110	11100010011101	00010101100000	0	0
9	9	2	3	1	11110111000101	11100000110111	11110000000011	0	0
9	10	2	3	2	11101000001111	00100111001000	11110010101001	0	0
9	11	2	3	3	10100011010110	01010111001011	00001011010001	0	1
9	12	2	3	4	01111111010110	11100001101101	10111000101111	0	1
9	13	3	4	1	01010010000111	01100011100110	11100101011100	0	0
9	14	2	4	2	01100011011010	11010000100011	10110010101000	0	0
9	15	2	4	3	01101100001011	10101011110000	10100111011000	0	0
9	16	1	4	4	00000101110100	00001111011010	11111110001001	0	1
9	17	2	5	1	11010011001110	00010110100011	10101101011000	0	1
9	18	1	5	2	01010001001000	11010001101110	00110100100000	0	0
9	19	3	5	3	11111001110010	10100011001111	00000000111001	0	0
9	20	2	5	4	00101010001110	00110000110111	01110100101001	0	0
10	1	2	1	1	10001111110011	01011101000001	01001100011101	0	0
10	2	1	1	2	01101001011001	00000001010000	01010100111000	0	0
10	3	1	1	3	10011111111101	01001100010101	10111100010001	0	1
10	4	2	1	4	01001100011001	11111111111101	10010011011010	0	0
10	5	1	2	1	00100011111100	00000111010100	11110111110100	0	0
10	6	2	2	2	10110000001101	01110000010101	10100000110100	0	0
10	7	1	2	3	00000100110011	10001101110111	10111111001111	0	1
10	8	2	2	4	11001010000011	00010111100111	10100000000000	0	0
10	9	2	3	1	10100000110000	10001111100101	01100001101000	0	0
10	10	2	3	2	11111001111010	01011001010010	10101011100011	0	0
10	11	3	3	3	00101111010010	01000110001000	10101100111010	0	0
10	12	2	3	4	00100010011110	00111011010011	10000100111000	0	0
10	13	2	4	1	11100110000111	11001011000101	01000101011010	0	0
10	14	3	4	2	10111010100001	10001111110001	00100110010001	0	0
10	15	2	4	3	01011101110101	00111001110101	00111000001111	0	0
10	16	2	4	4	11000110100010	01101101010110	01101111011001	0	0
10	17	2	5	1	11110100011011	01011110010110	11111001111110	0	0
10	18	3	5	2	01001110000100	01111101000010	01100110110011	0	1
10	19	3	5	3	00101110110101	01111001110110	01001001100101	0	0
10	20	2	5	4	01101101111000	11101101110011	10001101001001	0	1
11	1	2	1	1	10101110111010	00111111110010	01011101101111	0	0
11	2	3	1	2	00100110010100	10011001010010	00001011110100	0	1
11	3	2	1	3	10101110010101	00101100111100	01011001001001	0	0
11	4	3	1	4	10010100101111	10000111000101	01001001100010	0	0
11	5	2	2	1	00011110111100	00111100011100	11001000000111	0	0
11	6	2	2	2	00010010001100	01011000001010	10100011100011	0	0
11	7	2	2	3	10010110100101	00001100100110	00110101001010	0	0
11	8	3	2	4	11001010111110	00001100101110	00100101101100	0	0
11	9	2	3	1	11100000001010	10011000110110	00001001100010	0	0
11	10	1	3	2	11100001100111	11100001011111	10011111111010	0	0
11	11	2	3	3	10101101101111	11010000011010	01100110000101	0	1
11	12	2	3	4	10011110100010	10010010110011	11100000000101	0	0
11	13	1	4	1	10000110010000	01110111111110	10111110111111	0	0
11	14	2	4	2	10011011100000	11100010111001	11000101111100	0	0
11	15	1	4	3	11010000010100	01111000110101	00111110111100	0	1
11	16	2	4	4	11000110011111	11001011010101	01100011101100	0	0
11	17	3	5	1	10010111111001	11110001011100	11100001010110	0	0
11	18	2	5	2	10000000001110	01111001111000	01011011000010	0	0
11	19	2	5	3	11001100100101	00100111100100	11100000000110	0	0
11	20	1	5	4	11001110000110	10101000001101	00110010100010	0	1
12	1	2	1	1	00011001111100	00000101111101	11100000100000	0	0
12	2	3	1	2	01000100010111	10010111101110	10110111000011	0	1
12	3	2	1	3	01010010010011	01100110000101	01111000111110	0	0
12	4	2	1	4	11111011010010	10010011100011	01110000101111	0	0
12	5	2	1	5	01100101001110	01110000011010	01100000010000	0	0
12	6	1	2	1	01011010010101	00100011011011	00101111011110	0	0
12	7	1	2	2	01100001100010	01111000110000	00111110011100	0	1
12	8	2	2	3	01001111000001	01010001111110	00111100000011	0	0
12	9	2	2	4	01010111011111	11100011111000	01011110001000	1	0
12	10	2	2	5	10101000101110	10010000100101	10110101001111	0	1
12	11	2	3	1	11110110000001	10101000010011	11001101101100	0	1
12	12	2	3	2	01011001010000	01100110011000	11011011010110	0	0
12	13	2	3	3	01110100001010	11011111000011	11100001111101	0	1
12	14	3	3	4	01110010101101	10010111100101	01010111001101	0	0
12	15	1	3	5	00111101100011	01010111000011	01010000111101	0	1
12	16	2	4	1	00111001101011	00000110100010	11010000101110	1	0
12	17	2	4	2	01111101110000	00000100010000	00101100101110	1	0
12	18	2	4	3	11010000101111	00100101001110	00000000000110	1	1
12	19	3	4	4	01110110101100	01011111111011	10110100111001	0	0
12	20	2	4	5	00110100100100	00010000010101	01010001110101	0	0
12	21	1	5	1	10010011110000	10001110100010	00010110100001	0	1
12	22	2	5	2	01101011000000	01011100101110	01001011011001	0	0
12	23	2	5	3	11110111001011	10000000100001	00101010110111	0	0
12	24	3	5	4	01110111000010	01001010001110	11011000010110	0	0
12	25	2	5	5	00001111110110	01011101110001	10100001000010	1	0
13	1	1	1	1	11110010111110	11000110000011	11011001000100	0	0
13	2	2	1	2	00000110011000	01111111010010	01100000010000	0	0
13	3	2	1	3	01101111001010	01010111000101	00001100100110	1	0
13	4	2	1	4	10011100010001	01100111111101	00011110110100	1	1
13	5	2	1	5	00100000111000	01111101110100	01111110011100	0	0
13	6	2	2	1	10001011110000	00001000101001	00101100101101	0	0
13	7	1	2	2	11000100011010	00011111001100	10011101110001	0	1
13	8	2	2	3	01110000000111	01010011111000	11111111100110	0	0
13	9	2	2	4	10100010110110	01100110100101	01001101100010	0	0
13	10	2	2	5	00000110100111	00101011010100	00111000101011	0	1
13	11	2	3	1	00110110101011	11101111000000	11111010110110	0	0
13	12	3	3	2	00001111100001	11111000011011	10010000101000	0	0
13	13	2	3	3	10100001000000	00110100000100	11111100010110	0	1
13	14	1	3	4	11001110010011	11100110110011	11010100010100	0	0
13	15	2	3	5	01000100100011	00101011000101	01111001101100	0	0
13	16	3	4	1	10110111110011	11001011100100	00010010000101	0	0
13	17	2	4	2	01001100100110	01111101101111	10010100101001	1	0
13	18	2	4	3	00000110010001	00111010100100	11001100010110	0	0
13	19	2	4	4	10010011010100	01000101001010	11011000110101	0	0
13	20	2	4	5	10001000010110	01010011100101	00101011110101	0	1
13	21	3	5	1	11110010010101	01000010001110	10110001101010	0	1
13	22	1	5	2	11100110100101	10100010101100	10000110010000	0	1
13	23	2	5	3	11100011101100	00111010111111	11000011111001	1	0
13	24	3	5	4	01001100011001	01010101110011	00010110011010	0	1
13	25	2	5	5	11101111010110	01010001101011	10100100010000	1	0
14	1	3	1	1	01011101100011	10001010101011	10011101011101	0	0
14	2	2	1	2	01101110101101	11011101011111	00110111101001	0	0
14	3	2	1	3	01111000111000	10000110110111	11011110110001	1	0
14	4	2	1	4	00100011001001	11010001000101	11010010000011	0	1
14	5	3	1	5	01010011101011	00101101100000	01111000011100	0	0
14	6	2	2	1	00111000011000	01011000011110	00001011011110	0	1
14	7	2	2	2	00001101010100	11110001111101	10001101111001	1	0
14	8	2	2	3	11011111110000	10110001010000	11000110100110	1	0
14	9	3	2	4	10000100010000	10101010101101	10110101001101	0	0
14	10	2	2	5	00000011101010	10111111111010	11111001111111	0	0
14	11	1	3	1	01110011011011	11111100110110	11100101100011	0	1
14	12	2	3	2	11110111001110	00110010010100	00000001011011	0	0
14	13	1	3	3	00001011101111	01110010011100	01010111000110	0	0
14	14	1	3	4	00111000010001	11101111100111	00010111100100	0	0
14	15	2	3	5	10001110110110	10001011000111	10000010000010	0	0
14	16	2	4	1	00101111100101	00110010100100	10000000110101	0	1
14	17	1	4	2	01011111101110	00111001001100	10110101110100	0	0
14	18	2	4	3	01111000100011	11001000111110	00010101011110	0	0
14	19	2	4	4	01011011100111	00100010001111	10010111110000	0	1
14	20	2	4	5	10111110110101	00110010001100	10001011101011	0	0
14	21	2	5	1	00010010011011	11110101110110	01011010100111	1	1
14	22	2	5	2	10110111111001	01100001110110	01010010010101	0	1
14	23	2	5	3	00111000101101	00001100111011	00110101011111	1	1
14	24	3	5	4	00111010001110	01001111010111	00010110101001	0	0
14	25	2	5	5	01101010111001	00001100001011	11000010001001	0	0
15	1	2	1	1	00001000100101	10111000100100	10111011001111	0	0
15	2	2	1	2	01110010001100	00010001101000	01111110010000	0	1
15	3	2	1	3	11011110011010	11100011000010	10111101011011	0	0
15	4	1	1	4	11011100100000	00011110101101	11001101111001	0	0
15	5	2	1	5	01111101111000	00100101100011	11000011101100	1	1
15	6	3	2	1	00110001011010	00110100100101	00011101001101	0	1
15	7	1	2	2	01000111111100	01000000111000	01000010100110	0	0
15	8	3	2	3	10011111110010	10010111110010	00110100011000	0	0
15	9	3	2	4	01100111010100	11001111010101	10001101100100	0	0
15	10	2	2	5	01010000010000	10110001110110	01100100010010	0	0
15	11	2	3	1	10110100111111	11011100111101	10001001001011	1	0
15	12	2	3	2	00000101111000	10000011011000	00010110110111	0	0
15	13	2	3	3	10011110000001	11010101000111	10101010110000	0	1
15	14	2	3	4	11100011101101	10111100000011	00110001001000	0	0
15	15	3	3	5	10010111110001	01110010110010	11000101111001	0	1
15	16	2	4	1	01000011010101	01010011000000	00111100110000	1	1
15	17	2	4	2	10000101011010	11000110000001	11011110111101	0	1
15	18	2	4	3	11011101011101	00100011010000	01101010011000	0	0
15	19	2	4	4	10011000000001	01010000110100	01111000001010	0	0
15	20	1	4	5	11011101000111	01010000010101	10010010001001	0	1
15	21	2	5	1	01110001010000	11010100100010	01010110000111	0	0
15	22	2	5	2	11011111101011	10100100011000	00011101110101	1	0
15	23	1	5	3	00001011110001	01010010010111	11100100101000	0	0
15	24	2	5	4	01100011010111	11011000001011	01111000000100	1	0
15	25	2	5	5	00101111000001	01110010001000	10111001001010	0	0
16	1	2	1	1	01011111101101	01101001001011	11011100100000	0	0
16	2	2	1	2	01110111100000	10001000110011	10111010011001	1	1
16	3	2	1	3	00000101010001	11001001110001	11110110100011	1	0
16	4	2	1	4	01101101000000	01101011101111	11110111011011	1	0
16	5	2	1	5	10011100110110	11011100001011	01100100010111	0	1
16	6	2	2	1	01011001101100	11110011111010	01101110000011	1	0
16	7	1	2	2	00001101111011	01000100001001	00000101001100	0	0
16	8	2	2	3	00111111010101	00011111011111	00010101111010	1	0
16	9	1	2	4	11101100100011	10100101100011	00110110011100	0	0
16	10	2	2	5	11000111100011	00000001001100	11000011101010	0	0
16	11	2	3	1	00010000101110	11110000000010	10011001011100	0	0
16	12	3	3	2	10100100000111	10001110111100	01000010101010	0	0
16	13	3	3	3	00100011001101	00001000111100	01000001101000	0	0
16	14	2	3	4	10100100111101	00111011111001	11100110111001	0	0
16	15	2	3	5	11100101011010	01010010111001	11101010111001	0	0
16	16	2	4	1	10000000100010	01101010000001	10011011110010	0	1
16	17	1	4	2	00111110110001	10100111110000	10011100100010	0	0
16	18	3	4	3	01011011101101	00100100110100	00111010010010	0	1
16	19	1	4	4	11101110010011	10000101011000	11001100101011	0	1
16	20	2	4	5	00001000010100	10001101001101	00101011011010	0	1
16	21	2	5	1	01100111001101	01001111110101	10101101011000	0	1
16	22	3	5	2	01101010101010	11001111011011	11000111111101	0	1
16	23	2	5	3	00010110111110	11000100010000	11110001011111	0	0
16	24	2	5	4	01001010101011	01111101011110	00110111011000	0	0
16	25	2	5	5	10010011100100	11000000011010	11101101001100	0	0
17	1	2	1	1	10101010111000	00110100010101	10111010010001	0	1
17	2	2	1	2	01010011111011	11111000000110	01011110000100	0	0
17	3	2	1	3	10000111011101	00100000000001	11111101100111	0	0
17	4	3	1	4	00000101100101	00010110001001	11011010000101	0	0
17	5	2	1	5	10011010111000	00101100011100	11011001001100	0	0
17	6	2	2	1	11111011000010	01011011101110	10101101110101	0	0
17	7	2	2	2	00000001111111	10011100111011	00000111111100	1	1
17	8	2	2	3	00101000000100	10001001111110	01101001101011	0	1
17	9	2	2	4	11110011000100	00101101000111	01111110011000	1	0
17	10	2	2	5	11111101010101	01011101001001	10110100100100	0	0
17	11	2	3	1	10010011101110	00100101000110	01111111100011	0	1
17	12	1	3	2	00111111011010	10101100011011	00110100110111	0	0
17	13	1	3	3	00110100000111	10101011111001	11010010100110	0	0
17	14	1	3	4	11100011000011	00011011111100	10111011110001	0	0
17	15	3	3	5	01110110100100	11010011010011	11000111001011	0	0
17	16	2	4	1	10110001110100	10100000001110	00100001010001	0	1
17	17	2	4	2	00101011011101	00010100101101	01111001000001	0	0
17	18	2	4	3	00001100111010	01101000011001	01001110111110	0	1
17	19	3	4	4	00111110011110	11101100100101	11101111000010	0	0
17	20	2	4	5	10100110100010	10010010100101	11110111111000	1	0
17	21	1	5	1	10110111110100	01000010111010	00011101100000	0	0
17	22	2	5	2	00101110010101	11011010101001	10111011111111	1	1
17	23	2	5	3	01110000111000	10100111000011	11010000011111	0	0
17	24	3	5	4	10000110100110	11011011111111	10011010010011	0	0
17	25	2	5	5	01010101000101	00100010100000	01110100011110	1	1
