1	0.545978
2	0.552388
3	0.570615
4	0.572011
5	0.572011
6	0.587374
7	0.588757
8	0.589218
9	0.589218
10	0.600293
11	0.603547
12	0.606299
13	0.627207
14	0.627207
15	0.637877
16	0.638841
17	0.638841
18	0.638841
19	0.638841
20	0.638841
21	0.659246
22	0.659246
23	0.659246
24	0.659246
25	0.659246
26	0.659246
27	0.680601
28	0.680601
29	0.680601
30	0.680601
31	0.680601
32	0.680601
33	0.680601
34	0.680601
35	0.680601
36	0.680601
37	0.680601
38	0.680601
39	0.680601
40	0.680601
41	0.680601
42	0.680601
43	0.680601
44	0.680601
45	0.680601
46	0.680601
47	0.680601
48	0.680601
49	0.680601
50	0.680601
51	0.680601
52	0.680601
53	0.680601
54	0.680601
55	0.680601
56	0.680601
57	0.680601
58	0.680601
59	0.680601
60	0.681061
61	0.681061
62	0.681061
63	0.681061
64	0.681061
65	0.681061
66	0.681061
67	0.681061
68	0.681061
69	0.681061
70	0.681061
71	0.681061
72	0.681061
73	0.681061
74	0.681061
75	0.681061
76	0.681061
77	0.681061
78	0.681061
79	0.705489
80	0.705489
81	0.719316
82	0.719316
83	0.719316
84	0.731299
85	0.731299
86	0.731299
87	0.731299
88	0.731299
89	0.73683
90	0.7525
91	0.7525
92	0.752961
93	0.782458
94	0.782458
95	0.782458
96	0.782458
97	0.782458
98	0.782458
99	0.782458
100	0.782458
101	0.782458
102	0.782458
103	0.782458
104	0.782458
105	0.782458
106	0.782458
107	0.782458
108	0.782458
109	0.782458
110	0.782458
111	0.782458
112	0.782458
113	0.782458
114	0.782458
115	0.782458
116	0.782458
117	0.782458
118	0.782458
119	0.782458
120	0.793059
121	0.793059
122	0.793059
123	0.793059
124	0.793059
125	0.793059
126	0.793059
127	0.793059
128	0.793059
129	0.793059
130	0.793059
131	0.793059
132	0.793059
133	0.793059
134	0.793059
135	0.793059
136	0.793059
137	0.793059
138	0.793059
139	0.793059
140	0.793059
141	0.793059
142	0.793059
143	0.793059
144	0.793059
145	0.793059
146	0.793059
147	0.793059
148	0.793059
149	0.793059
150	0.793059
151	0.793059
152	0.793059
153	0.793059
154	0.793059
155	0.793059
156	0.793059
157	0.793059
158	0.793059
159	0.793059
160	0.793059
161	0.793059
162	0.793059
163	0.793059
164	0.793059
165	0.793059
166	0.793059
167	0.793059
168	0.793059
169	0.793059
170	0.793059
171	0.793059
172	0.793059
173	0.793059
174	0.793059
175	0.793059
176	0.793059
177	0.793059
178	0.793059
179	0.793059
180	0.793059
181	0.793059
182	0.793059
183	0.793059
184	0.793059
185	0.793059
186	0.812416
187	0.812416
188	0.813799
189	0.813799
190	0.813799
191	0.813799
192	0.813799
193	0.813799
194	0.813799
195	0.813799
196	0.813799
197	0.813799
198	0.813799
199	0.813799
200	0.813799
201	0.813799
202	0.817025
203	0.836844
204	0.836844
205	0.836844
206	0.838687
207	0.838687
208	0.838687
209	0.838687
210	0.838687
211	0.838687
212	0.838687
213	0.838687
214	0.838687
215	0.838687
216	0.856201
217	0.856201
218	0.856201
219	0.856201
220	0.856201
221	0.856201
222	0.856201
223	0.856201
224	0.856201
225	0.857584
226	0.857584
227	0.857584
228	0.857584
229	0.857584
230	0.857584
231	0.859427
232	0.859888
233	0.898603
234	0.898603
235	0.898603
236	0.898603
237	0.898603
238	0.898603
239	0.898603
240	0.917961
241	0.917961
242	0.917961
243	0.917961
244	0.917961
245	0.917961
246	0.917961
247	0.917961
248	0.917961
249	0.917961
250	0.917961
251	0.917961
252	0.917961
253	0.917961
254	0.917961
255	0.917961
256	0.917961
257	0.917961
258	0.917961
259	0.917961
260	0.917961
261	0.917961
262	0.917961
263	0.917961
264	0.917961
265	0.917961
266	0.917961
267	0.917961
268	0.917961
269	0.917961
270	0.917961
271	0.917961
272	0.917961
273	0.917961
274	0.917961
275	0.917961
276	0.917961
277	0.917961
278	0.917961
279	0.917961
280	0.917961
281	0.917961
282	0.917961
283	0.917961
284	0.917961
285	0.917961
286	0.917961
287	0.917961
288	0.917961
289	0.917961
290	0.917961
291	0.917961
292	0.917961
293	0.917961
294	0.917961
295	0.917961
296	0.917961
297	0.917961
298	0.917961
299	0.917961
300	0.917961
301	0.917961
302	0.917961
303	0.917961
304	0.917961
305	0.917961
306	0.917961
307	0.917961
308	0.917961
309	0.917961
310	0.917961
311	0.917961
312	0.917961
313	0.917961
314	0.917961
315	0.917961
316	0.917961
317	0.917961
318	0.917961
319	0.917961
320	0.917961
321	0.917961
322	0.917961
323	0.917961
324	0.917961
325	0.917961
326	0.917961
327	0.917961
328	0.917961
329	0.917961
330	0.917961
331	0.917961
332	0.917961
333	0.917961
334	0.917961
335	0.917961
336	0.917961
337	0.917961
338	0.917961
339	0.917961
340	0.917961
341	0.917961
342	0.917961
343	0.917961
344	0.917961
345	0.917961
346	0.917961
347	0.917961
348	0.917961
349	0.917961
350	0.917961
351	0.917961
352	0.917961
353	0.917961
354	0.917961
355	0.917961
356	0.917961
357	0.917961
358	0.917961
359	0.917961
360	0.917961
361	0.917961
362	0.917961
363	0.917961
364	0.917961
365	0.917961
366	0.917961
367	0.917961
368	0.917961
369	0.917961
370	0.917961
371	0.917961
372	0.917961
373	0.917961
374	0.917961
375	0.917961
376	0.917961
377	0.917961
378	0.917961
379	0.917961
380	0.917961
381	0.917961
382	0.917961
383	0.917961
384	0.917961
385	0.917961
386	0.917961
387	0.917961
388	0.917961
389	0.917961
390	0.917961
391	0.917961
392	0.917961
393	0.917961
394	0.917961
395	0.917961
396	0.917961
397	0.917961
398	0.917961
399	0.917961
400	0.917961
401	0.917961
402	0.917961
403	0.917961
404	0.917961
405	0.917961
406	0.917961
407	0.917961
408	0.917961
409	0.917961
410	0.917961
411	0.917961
412	0.917961
413	0.917961
414	0.917961
415	0.917961
416	0.917961
417	0.917961
418	0.917961
419	0.917961
420	0.917961
421	0.917961
422	0.917961
423	0.917961
424	0.917961
425	0.917961
426	0.917961
427	0.917961
428	0.917961
429	0.917961
430	0.917961
431	0.917961
432	0.917961
433	0.917961
434	0.917961
435	0.917961
436	0.917961
437	0.917961
438	0.917961
439	0.917961
440	0.917961
441	0.917961
442	0.917961
443	0.917961
444	0.917961
445	0.917961
446	0.917961
447	0.917961
448	0.917961
449	0.917961
450	0.917961
451	0.917961
452	0.917961
453	0.917961
454	0.917961
455	0.917961
456	0.917961
457	0.917961
458	0.917961
459	0.917961
460	0.917961
461	0.917961
462	0.917961
463	0.917961
464	0.917961
465	0.917961
466	0.917961
467	0.917961
468	0.917961
469	0.917961
470	0.917961
471	0.917961
472	0.917961
473	0.917961
474	0.917961
475	0.917961
476	0.917961
477	0.917961
478	0.917961
479	0.917961
480	0.917961
481	0.917961
482	0.917961
483	0.917961
484	0.917961
485	0.917961
486	0.917961
487	0.917961
488	0.917961
489	0.917961
490	0.917961
491	0.917961
492	0.917961
493	0.917961
494	0.917961
495	0.917961
496	0.917961
497	0.917961
498	0.917961
499	0.917961
500	0.917961
501	0.917961
502	0.917961
503	0.917961
504	0.917961
505	0.917961
506	0.917961
507	0.917961
508	0.917961
509	0.917961
510	0.917961
511	0.917961
512	0.917961
513	0.917961
514	0.917961
515	0.917961
516	0.917961
517	0.917961
518	0.917961
519	0.917961
520	0.917961
521	0.917961
522	0.917961
523	0.917961
524	0.917961
525	0.917961
526	0.917961
527	0.917961
528	0.917961
529	0.917961
530	0.917961
531	0.917961
532	0.917961
533	0.917961
534	0.917961
535	0.917961
536	0.917961
537	0.917961
538	0.917961
539	0.917961
540	0.917961
541	0.917961
542	0.917961
543	0.917961
544	0.917961
545	0.917961
546	0.917961
547	0.917961
548	0.917961
549	0.917961
550	0.917961
551	0.917961
552	0.917961
553	0.917961
554	0.917961
555	0.917961
556	0.917961
557	0.917961
558	0.917961
559	0.917961
560	0.917961
561	0.917961
562	0.917961
563	0.917961
564	0.917961
565	0.917961
566	0.917961
567	0.917961
568	0.917961
569	0.917961
570	0.917961
571	0.917961
572	0.917961
573	0.917961
574	0.917961
575	0.917961
576	0.917961
577	0.917961
578	0.917961
579	0.917961
580	0.917961
581	0.917961
582	0.917961
583	0.917961
584	0.917961
585	0.917961
586	0.917961
587	0.917961
588	0.917961
589	0.917961
590	0.917961
591	0.917961
592	0.917961
593	0.917961
594	0.917961
595	0.917961
596	0.917961
597	0.917961
598	0.917961
599	0.917961
600	0.917961
601	0.917961
602	0.917961
603	0.917961
604	0.917961
605	0.917961
606	0.917961
607	0.917961
608	0.917961
609	0.917961
610	0.917961
611	0.917961
612	0.917961
613	0.917961
614	0.917961
615	0.917961
616	0.917961
617	0.917961
618	0.917961
619	0.917961
620	0.917961
621	0.917961
622	0.917961
623	0.917961
624	0.917961
625	0.917961
626	0.917961
627	0.917961
628	0.917961
629	0.917961
630	0.917961
631	0.917961
632	0.917961
633	0.917961
634	0.917961
635	0.917961
636	0.917961
637	0.917961
638	0.917961
639	0.917961
640	0.917961
641	0.917961
642	0.917961
643	0.917961
644	0.917961
645	0.917961
646	0.917961
647	0.917961
648	0.917961
649	0.917961
650	0.917961
651	0.917961
652	0.917961
653	0.917961
654	0.917961
655	0.917961
656	0.917961
657	0.917961
658	0.917961
659	0.917961
660	0.917961
661	0.917961
662	0.917961
663	0.917961
664	0.917961
665	0.917961
666	0.917961
667	0.917961
668	0.917961
669	0.917961
670	0.917961
671	0.917961
672	0.917961
673	0.917961
674	0.917961
675	0.917961
676	0.917961
677	0.917961
678	0.917961
679	0.917961
680	0.917961
681	0.917961
682	0.917961
683	0.917961
684	0.917961
685	0.917961
686	0.917961
687	0.917961
688	0.917961
689	0.917961
690	0.917961
691	0.917961
692	0.917961
693	0.917961
694	0.917961
695	0.917961
696	0.917961
697	0.917961
698	0.917961
699	0.917961
700	0.917961
701	0.917961
702	0.917961
703	0.917961
704	0.917961
705	0.917961
706	0.917961
707	0.917961
708	0.917961
709	0.917961
710	0.917961
711	0.917961
712	0.917961
713	0.917961
714	0.917961
715	0.917961
716	0.917961
717	0.917961
718	0.917961
719	0.917961
720	0.917961
721	0.917961
722	0.917961
723	0.917961
724	0.917961
725	0.917961
726	0.917961
727	0.917961
728	0.917961
729	0.917961
730	0.917961
731	0.917961
732	0.917961
733	0.917961
734	0.917961
735	0.917961
736	0.917961
737	0.917961
738	0.917961
739	0.917961
740	0.917961
741	0.917961
742	0.917961
743	0.917961
744	0.917961
745	0.917961
746	0.917961
747	0.917961
748	0.917961
749	0.917961
750	0.917961
751	0.917961
752	0.917961
753	0.917961
754	0.918422
755	0.919344
756	0.919344
757	0.919344
758	0.919344
759	0.919344
760	0.919344
761	0.919344
762	0.919344
763	0.919344
764	0.919344
765	0.919344
766	0.919344
767	0.919344
768	0.919344
769	0.919344
770	0.919344
771	0.919344
772	0.919344
773	0.919344
774	0.919344
775	0.919344
776	0.919344
777	0.919344
778	0.919344
779	0.919344
780	0.919344
781	0.919344
782	0.919344
783	0.919344
784	0.919344
785	0.919344
786	0.919344
787	0.919344
788	0.919344
789	0.919344
790	0.919344
791	0.919344
792	0.919344
793	0.919344
794	0.919344
795	0.919344
796	0.919344
797	0.919344
798	0.919344
799	0.919344
800	0.919344
801	0.919344
802	0.919344
803	0.919344
804	0.919344
805	0.919344
806	0.919344
807	0.919344
808	0.919344
809	0.919344
810	0.919344
811	0.919344
812	0.919344
813	0.919344
814	0.919344
815	0.919344
816	0.919344
817	0.919344
818	0.919344
819	0.919344
820	0.919344
821	0.919344
822	0.919344
823	0.919344
824	0.919344
825	0.919344
826	0.919344
827	0.919344
828	0.919344
829	0.919344
830	0.919344
831	0.919344
832	0.919344
833	0.919344
834	0.919344
835	0.919344
836	0.919344
837	0.919344
838	0.919344
839	0.919344
840	0.919344
841	0.919344
842	0.919344
843	0.919344
844	0.919344
845	0.919344
846	0.919344
847	0.919344
848	0.919344
849	0.919344
850	0.919344
851	0.919344
852	0.919344
853	0.919344
854	0.919344
855	0.919344
856	0.919344
857	0.919344
858	0.919344
859	0.919344
860	0.919344
861	0.919344
862	0.919344
863	0.919344
864	0.919344
865	0.919344
866	0.919344
867	0.919344
868	0.919344
869	0.919344
870	0.919344
871	0.919344
872	0.919344
873	0.919344
874	0.919344
875	0.919344
876	0.919344
877	0.919344
878	0.919344
879	0.919344
880	0.919344
881	0.919344
882	0.919344
883	0.919344
884	0.919344
885	0.919344
886	0.919344
887	0.919344
888	0.919344
889	0.919344
890	0.919344
891	0.919344
892	0.919344
893	0.919344
894	0.919344
895	0.919344
896	0.919344
897	0.919344
898	0.919344
899	0.919344
900	0.919344
901	0.919344
902	0.919344
903	0.919344
904	0.919344
905	0.919344
906	0.919344
907	0.919344
908	0.919344
909	0.919344
910	0.919344
911	0.919344
912	0.919344
913	0.919344
914	0.919344
915	0.919344
916	0.919344
917	0.919344
918	0.919344
919	0.919344
920	0.919344
921	0.919344
922	0.919344
923	0.919344
924	0.919344
925	0.919344
926	0.919344
927	0.919344
928	0.919344
929	0.919344
930	0.919344
931	0.919344
932	0.919344
933	0.919344
934	0.919344
935	0.919344
936	0.919344
937	0.919344
938	0.919344
939	0.919344
940	0.919344
941	0.919344
942	0.919344
943	0.919344
944	0.919344
945	0.919344
946	0.919344
947	0.919344
948	0.919344
949	0.919344
950	0.919344
951	0.919344
952	0.919344
953	0.919344
954	0.919344
955	0.919344
956	0.919344
957	0.919344
958	0.919344
959	0.919344
960	0.919344
961	0.919344
962	0.919344
963	0.919344
964	0.919344
965	0.919344
966	0.919344
967	0.919344
968	0.919344
969	0.919344
970	0.919344
971	0.919344
972	0.919344
973	0.919344
974	0.919344
975	0.919344
976	0.919344
977	0.919344
978	0.919344
979	0.919344
980	0.919344
981	0.919344
982	0.919344
983	0.919344
984	0.919344
985	0.919344
986	0.919344
987	0.919344
988	0.919344
989	0.919344
990	0.919344
991	0.919344
992	0.919344
993	0.919344
994	0.919344
995	0.919344
996	0.919344
997	0.919344
998	0.919344
999	0.919344
1000	0.919344
1001	0.919344
1002	0.919344
1003	0.919344
1004	0.919344
1005	0.919344
1006	0.919344
1007	0.919344
1008	0.919344
1009	0.919344
1010	0.919344
1011	0.919344
1012	0.919344
1013	0.919344
1014	0.919344
1015	0.919344
1016	0.919344
1017	0.919344
1018	0.919344
1019	0.919344
1020	0.919344
1021	0.919344
1022	0.919344
1023	0.919344
1024	0.919344
1025	0.919344
1026	0.919344
1027	0.919344
1028	0.919344
1029	0.919344
1030	0.919344
1031	0.919344
1032	0.919344
1033	0.919344
1034	0.919344
1035	0.919344
1036	0.919344
1037	0.919344
1038	0.919344
1039	0.919344
1040	0.919344
1041	0.919344
1042	0.919344
1043	0.919344
1044	0.919344
1045	0.919344
1046	0.919344
1047	0.919344
1048	0.919344
1049	0.919344
1050	0.919344
1051	0.919344
1052	0.919344
1053	0.919344
1054	0.919344
1055	0.919344
1056	0.919344
1057	0.919344
1058	0.919344
1059	0.919344
1060	0.919344
1061	0.919344
1062	0.919344
1063	0.919344
1064	0.919344
1065	0.919344
1066	0.919344
1067	0.919344
1068	0.919344
1069	0.919344
1070	0.919344
1071	0.919344
1072	0.919344
1073	0.919344
1074	0.919344
1075	0.919344
1076	0.919344
1077	0.919344
1078	0.919344
1079	0.919344
1080	0.919344
1081	0.919344
1082	0.919344
1083	0.919344
1084	0.919344
1085	0.919344
1086	0.919344
1087	0.919344
1088	0.919344
1089	0.919344
1090	0.919344
1091	0.919344
1092	0.919344
1093	0.919344
1094	0.919344
1095	0.919344
1096	0.919344
1097	0.919344
1098	0.919344
1099	0.919344
1100	0.919344
1101	0.919344
1102	0.919344
1103	0.919344
1104	0.919344
1105	0.919344
1106	0.919344
1107	0.919344
1108	0.919344
1109	0.919344
1110	0.919344
1111	0.919344
1112	0.919344
1113	0.919344
1114	0.919344
1115	0.919344
1116	0.919344
1117	0.919344
1118	0.919344
1119	0.919344
1120	0.919344
1121	0.919344
1122	0.919344
1123	0.919344
1124	0.919344
1125	0.919344
1126	0.919344
1127	0.919344
1128	0.919344
1129	0.919344
1130	0.919344
1131	0.919344
1132	0.919344
1133	0.919344
1134	0.919344
1135	0.919344
1136	0.919344
1137	0.919344
1138	0.919344
1139	0.919344
1140	0.919344
1141	0.919344
1142	0.919344
1143	0.919344
1144	0.919344
1145	0.919344
1146	0.919344
1147	0.919344
1148	0.919344
1149	0.919344
1150	0.919344
1151	0.919344
1152	0.919344
1153	0.919344
1154	0.919344
1155	0.919344
1156	0.919344
1157	0.919344
1158	0.919344
1159	0.919344
1160	0.919344
1161	0.919344
1162	0.919344
1163	0.919344
1164	0.919344
1165	0.919344
1166	0.919344
1167	0.919344
1168	0.919344
1169	0.919344
1170	0.919344
1171	0.919344
1172	0.919344
1173	0.919344
1174	0.919344
1175	0.919344
1176	0.919344
1177	0.919344
1178	0.919344
1179	0.919344
1180	0.919344
1181	0.919344
1182	0.919344
1183	0.919344
1184	0.919344
1185	0.919344
1186	0.919344
1187	0.919344
1188	0.919344
1189	0.919344
1190	0.919344
1191	0.919344
1192	0.919344
1193	0.919344
1194	0.919344
1195	0.919344
1196	0.919344
1197	0.919344
1198	0.919344
1199	0.919344
1200	0.919344
1201	0.919344
1202	0.919344
1203	0.919344
1204	0.919344
1205	0.919344
1206	0.919344
1207	0.919344
1208	0.919344
1209	0.919344
1210	0.919344
1211	0.919344
1212	0.919344
1213	0.919344
1214	0.919344
1215	0.919344
1216	0.919344
1217	0.919344
1218	0.919344
1219	0.919344
1220	0.919344
1221	0.919344
1222	0.919344
1223	0.919344
1224	0.919344
1225	0.919344
1226	0.919344
1227	0.919344
1228	0.919344
1229	0.919344
1230	0.919344
1231	0.919344
1232	0.919344
1233	0.919344
1234	0.919344
1235	0.919344
1236	0.919344
1237	0.919344
1238	0.919344
1239	0.919344
1240	0.919344
1241	0.919344
1242	0.919344
1243	0.919344
1244	0.919344
1245	0.919344
1246	0.919344
1247	0.919344
1248	0.919344
1249	0.919344
1250	0.919344
1251	0.919344
1252	0.919344
1253	0.919344
1254	0.919344
1255	0.919344
1256	0.919344
1257	0.919344
1258	0.919344
1259	0.919344
1260	0.919344
1261	0.919344
1262	0.919344
1263	0.919344
1264	0.919344
1265	0.919344
1266	0.919344
1267	0.919344
1268	0.919344
1269	0.919344
1270	0.919344
1271	0.919344
1272	0.919344
1273	0.919344
1274	0.919344
1275	0.919344
1276	0.919344
1277	0.919344
1278	0.919344
1279	0.919344
1280	0.919344
1281	0.919344
1282	0.919344
1283	0.919344
1284	0.919344
1285	0.919344
1286	0.919344
1287	0.919344
1288	0.919344
1289	0.919344
1290	0.919344
1291	0.919344
1292	0.919344
1293	0.919344
1294	0.919344
1295	0.919344
1296	0.919344
1297	0.919344
1298	0.919344
1299	0.919344
1300	0.919344
1301	0.919344
1302	0.919344
1303	0.919344
1304	0.919344
1305	0.919344
1306	0.919344
1307	0.919344
1308	0.919344
1309	0.919344
1310	0.919344
1311	0.919344
1312	0.919344
1313	0.919344
1314	0.919344
1315	0.919344
1316	0.919344
1317	0.919344
1318	0.919344
1319	0.919344
1320	0.919344
1321	0.919344
1322	0.919344
1323	0.919344
1324	0.919344
1325	0.919344
1326	0.919344
1327	0.919344
1328	0.919344
1329	0.919344
1330	0.919344
1331	0.919344
1332	0.919344
1333	0.919344
1334	0.919344
1335	0.919344
1336	0.919344
1337	0.919344
1338	0.919344
1339	0.919344
1340	0.919344
1341	0.919344
1342	0.919344
1343	0.919344
1344	0.919344
1345	0.919344
1346	0.919344
1347	0.919344
1348	0.919344
1349	0.919344
1350	0.919344
1351	0.919344
1352	0.919344
1353	0.919344
1354	0.919344
1355	0.919344
1356	0.919344
1357	0.919344
1358	0.919344
1359	0.919344
1360	0.919344
1361	0.919344
1362	0.919344
1363	0.919344
1364	0.919344
1365	0.919344
1366	0.919344
1367	0.919344
1368	0.919344
1369	0.919344
1370	0.919344
1371	0.919344
1372	0.919344
1373	0.919344
1374	0.919344
1375	0.919344
1376	0.919344
1377	0.919344
1378	0.919344
1379	0.919344
1380	0.919344
1381	0.919344
1382	0.919344
1383	0.919344
1384	0.919344
1385	0.919344
1386	0.919344
1387	0.919344
1388	0.919344
1389	0.919344
1390	0.919344
1391	0.919344
1392	0.919344
1393	0.919344
1394	0.919344
1395	0.919344
1396	0.919344
1397	0.919344
1398	0.919344
1399	0.919344
1400	0.919344
1401	0.919344
1402	0.919344
1403	0.919344
1404	0.919344
1405	0.919344
1406	0.919344
1407	0.919344
1408	0.919344
1409	0.919344
1410	0.919344
1411	0.919344
1412	0.919344
1413	0.919344
1414	0.919344
1415	0.919344
1416	0.919344
1417	0.919344
1418	0.919344
1419	0.919344
1420	0.919344
1421	0.919344
1422	0.919344
1423	0.919344
1424	0.919344
1425	0.919344
1426	0.919344
1427	0.919344
1428	0.919344
1429	0.919344
1430	0.919344
1431	0.919344
1432	0.919344
1433	0.919344
1434	0.919344
1435	0.919344
1436	0.919344
1437	0.919344
1438	0.919344
1439	0.919344
1440	0.919344
1441	0.919344
1442	0.919344
1443	0.919344
1444	0.919344
1445	0.919344
1446	0.919344
1447	0.919344
1448	0.919344
1449	0.919344
1450	0.919344
1451	0.919344
1452	0.919344
1453	0.919344
1454	0.919344
1455	0.919344
1456	0.919344
1457	0.919344
1458	0.919344
1459	0.919344
1460	0.919344
1461	0.919344
1462	0.919344
1463	0.919344
1464	0.919344
1465	0.919344
1466	0.919344
1467	0.919344
1468	0.919344
1469	0.919344
1470	0.919344
1471	0.919344
1472	0.919344
1473	0.919344
1474	0.919344
1475	0.919344
1476	0.919344
1477	0.919344
1478	0.919344
1479	0.919344
1480	0.919344
1481	0.919344
1482	0.919344
1483	0.919344
1484	0.919344
1485	0.919344
1486	0.919344
1487	0.919344
1488	0.919344
1489	0.919344
1490	0.919344
1491	0.919344
1492	0.919344
1493	0.919344
1494	0.919344
1495	0.919344
1496	0.919344
1497	0.919344
1498	0.919344
1499	0.919344
1500	0.919344
1501	0.919344
1502	0.919344
1503	0.919344
1504	0.919344
1505	0.919344
1506	0.919344
1507	0.919344
1508	0.919344
1509	0.919344
1510	0.919344
1511	0.919344
1512	0.919344
1513	0.919344
1514	0.919344
1515	0.919344
1516	0.919344
1517	0.919344
1518	0.919344
1519	0.919344
1520	0.919344
1521	0.919344
1522	0.919344
1523	0.919344
1524	0.919344
1525	0.919344
1526	0.919344
1527	0.919344
1528	0.919344
1529	0.919344
1530	0.919344
1531	0.919344
1532	0.919344
1533	0.919344
1534	0.919344
1535	0.919344
1536	0.919344
1537	0.919344
1538	0.919344
1539	0.919344
1540	0.919344
1541	0.919344
1542	0.919344
1543	0.919344
1544	0.919344
1545	0.919344
1546	0.919344
1547	0.919344
1548	0.919344
1549	0.919344
1550	0.919344
1551	0.919344
1552	0.919344
1553	0.919344
1554	0.919344
1555	0.919344
1556	0.919344
1557	0.919344
1558	0.919344
1559	0.919344
1560	0.919344
1561	0.919344
1562	0.919344
1563	0.919344
1564	0.919344
1565	0.919344
1566	0.919344
1567	0.919344
1568	0.919344
1569	0.919344
1570	0.919344
1571	0.919344
1572	0.919344
1573	0.919344
1574	0.919344
1575	0.919344
1576	0.919344
1577	0.919344
1578	0.919344
1579	0.919344
1580	0.919344
1581	0.919344
1582	0.919344
1583	0.919344
1584	0.919344
1585	0.919344
1586	0.919344
1587	0.919344
1588	0.919344
1589	0.919344
1590	0.919344
1591	0.919344
1592	0.919344
1593	0.919344
1594	0.919344
1595	0.919344
1596	0.919344
1597	0.919344
1598	0.919344
1599	0.919344
1600	0.919344
1601	0.919344
1602	0.919344
1603	0.919344
1604	0.919344
1605	0.919344
1606	0.919344
1607	0.919344
1608	0.919344
1609	0.919344
1610	0.919344
1611	0.919344
1612	0.919344
1613	0.919344
1614	0.919344
1615	0.919344
1616	0.919344
1617	0.919344
1618	0.919344
1619	0.919344
1620	0.919344
1621	0.919344
1622	0.919344
1623	0.919344
1624	0.919344
1625	0.919344
1626	0.919344
1627	0.919344
1628	0.919344
1629	0.919344
1630	0.919344
1631	0.919344
1632	0.919344
1633	0.919344
1634	0.919344
1635	0.919344
1636	0.919344
1637	0.919344
1638	0.919344
1639	0.919344
1640	0.919344
1641	0.919344
1642	0.919344
1643	0.919344
1644	0.919344
1645	0.919344
1646	0.919344
1647	0.919344
1648	0.919344
1649	0.919344
1650	0.919344
1651	0.919344
1652	0.919344
1653	0.919344
1654	0.919344
1655	0.919344
1656	0.919344
1657	0.919344
1658	0.919344
1659	0.919344
1660	0.919344
1661	0.919344
1662	0.919344
1663	0.919344
1664	0.919344
1665	0.919344
1666	0.919344
1667	0.919344
1668	0.919344
1669	0.919344
1670	0.919344
1671	0.919344
1672	0.919344
1673	0.919344
1674	0.919344
1675	0.919344
1676	0.919344
1677	0.919344
1678	0.919344
1679	0.919344
1680	0.919344
1681	0.919344
1682	0.919344
1683	0.919344
1684	0.919344
1685	0.919344
1686	0.919344
1687	0.919344
1688	0.919344
1689	0.919344
1690	0.919344
1691	0.919344
1692	0.919344
1693	0.919344
1694	0.919344
1695	0.919344
1696	0.919344
1697	0.919344
1698	0.919344
1699	0.919344
1700	0.919344
1701	0.919344
1702	0.919344
1703	0.919344
1704	0.919344
1705	0.919344
1706	0.919344
1707	0.919344
1708	0.919344
1709	0.919344
1710	0.919344
1711	0.919344
1712	0.919344
1713	0.919344
1714	0.919344
1715	0.919344
1716	0.919344
1717	0.919344
1718	0.919344
1719	0.919344
1720	0.919344
1721	0.919344
1722	0.919344
1723	0.919344
1724	0.919344
1725	0.919344
1726	0.919344
1727	0.919344
1728	0.919344
1729	0.919344
1730	0.919344
1731	0.919344
1732	0.919344
1733	0.919344
1734	0.919344
1735	0.919344
1736	0.919344
1737	0.919344
1738	0.919344
1739	0.919344
1740	0.919344
1741	0.919344
1742	0.919344
1743	0.919344
1744	0.919344
1745	0.919344
1746	0.919344
1747	0.919344
1748	0.919344
1749	0.919344
1750	0.919344
1751	0.919344
1752	0.919344
1753	0.919344
1754	0.919344
1755	0.919344
1756	0.919344
1757	0.919344
1758	0.919344
1759	0.919344
1760	0.919344
1761	0.919344
1762	0.919344
1763	0.919344
1764	0.919344
1765	0.919344
1766	0.919344
1767	0.919344
1768	0.919344
1769	0.919344
1770	0.919344
1771	0.919344
1772	0.919344
1773	0.919344
1774	0.919344
1775	0.919344
1776	0.919344
1777	0.919344
1778	0.919344
1779	0.919344
1780	0.919344
1781	0.919344
1782	0.919344
1783	0.919344
1784	0.919344
1785	0.919344
1786	0.919344
1787	0.919344
1788	0.919344
1789	0.919344
1790	0.919344
1791	0.919344
1792	0.919344
1793	0.919344
1794	0.919344
1795	0.919344
1796	0.919344
1797	0.919344
1798	0.919344
1799	0.919344
1800	0.919344
1801	0.919344
1802	0.919344
1803	0.919344
1804	0.919344
1805	0.919344
1806	0.919344
1807	0.919344
1808	0.919344
1809	0.919344
1810	0.919344
1811	0.919344
1812	0.919344
1813	0.919344
1814	0.919344
1815	0.919344
1816	0.919344
1817	0.919344
1818	0.919344
1819	0.919344
1820	0.919344
1821	0.919344
1822	0.919344
1823	0.919344
1824	0.919344
1825	0.919344
1826	0.919344
1827	0.919344
1828	0.919344
1829	0.919344
1830	0.919344
1831	0.919344
1832	0.919344
1833	0.919344
1834	0.919344
1835	0.919344
1836	0.919344
1837	0.919344
1838	0.919344
1839	0.919344
1840	0.919344
1841	0.919344
1842	0.919344
1843	0.919344
1844	0.919344
1845	0.919344
1846	0.919344
1847	0.919344
1848	0.919344
1849	0.919344
1850	0.919344
1851	0.919344
1852	0.919344
1853	0.919344
1854	0.919344
1855	0.919344
1856	0.919344
1857	0.919344
1858	0.919344
1859	0.919344
1860	0.919344
1861	0.919344
1862	0.919344
1863	0.919344
1864	0.919344
1865	0.919344
1866	0.919344
1867	0.919344
1868	0.919344
1869	0.919344
1870	0.919344
1871	0.919344
1872	0.919344
1873	0.919344
1874	0.919344
1875	0.919344
1876	0.920265
1877	0.920265
1878	0.920265
1879	0.920265
1880	0.920265
1881	0.920265
1882	0.920265
1883	0.920265
1884	0.920265
1885	0.920265
1886	0.920265
1887	0.920265
1888	0.920265
1889	0.920265
1890	0.942388
1891	0.942388
1892	0.942388
1893	0.942388
1894	0.942388
1895	0.942388
1896	0.942388
1897	0.942388
1898	0.942388
1899	0.942388
1900	0.942388
1901	0.942388
1902	0.942388
1903	0.942388
1904	0.942388
1905	0.942388
1906	0.949763
1907	0.949763
1908	0.949763
1909	0.949763
1910	0.949763
1911	0.949763
1912	0.949763
1913	0.949763
1914	0.949763
1915	0.949763
1916	0.949763
1917	0.949763
1918	0.949763
1919	0.949763
1920	0.949763
1921	0.949763
1922	0.949763
1923	0.949763
1924	0.949763
1925	0.949763
1926	0.949763
1927	0.949763
1928	0.959441
1929	0.959441
1930	0.959441
1931	0.959441
1932	0.959441
1933	0.959441
1934	0.959441
1935	0.959441
1936	0.959441
1937	0.959441
1938	0.959441
1939	0.959441
1940	0.959441
1941	0.959441
1942	0.959441
1943	0.959441
1944	0.959441
1945	0.959441
1946	0.959441
1947	0.959441
1948	0.959441
1949	0.959441
1950	0.959441
1951	0.959441
1952	0.959441
1953	0.959441
1954	0.959441
1955	0.959441
1956	0.959441
1957	0.959441
1958	0.959441
1959	0.959441
1960	0.959441
1961	0.959441
1962	0.959441
1963	0.959441
1964	0.959441
1965	0.959441
1966	0.959441
1967	0.959441
1968	0.959441
1969	0.959441
1970	0.959441
1971	0.959441
1972	0.959441
1973	0.959441
1974	0.959441
1975	0.959441
1976	0.959441
1977	0.959441
1978	0.959441
1979	0.959441
1980	0.959441
1981	0.959441
1982	0.959441
1983	0.959441
1984	0.959441
1985	0.959441
1986	0.959441
1987	0.959441
1988	0.959441
1989	0.959441
1990	0.959441
1991	0.959441
1992	0.959441
1993	0.959441
1994	0.959441
1995	0.959441
1996	0.959441
1997	0.959441
1998	0.959441
1999	0.959441
2000	0.959441
2001	0.959441
2002	0.959441
2003	0.959441
2004	0.959441
2005	0.959441
2006	0.959441
2007	0.959441
2008	0.959441
2009	0.959441
2010	0.959441
2011	0.959441
2012	0.959441
2013	0.959441
2014	0.959441
2015	0.959441
2016	0.959441
2017	0.959441
2018	0.959441
2019	0.959441
2020	0.959441
2021	0.959441
2022	0.959441
2023	0.959441
2024	0.959441
2025	0.959441
2026	0.959441
2027	0.959441
2028	0.959441
2029	0.959441
2030	0.959441
2031	0.959441
2032	0.959441
2033	0.959441
2034	0.959441
2035	0.959441
2036	0.959441
2037	0.959441
2038	0.959441
2039	0.959441
2040	0.959441
2041	0.959441
2042	0.959441
2043	0.959441
2044	0.959441
2045	0.959441
2046	0.959441
2047	0.959441
2048	0.959441
2049	0.959441
2050	0.959441
2051	0.959441
2052	0.959441
2053	0.959441
2054	0.959441
2055	0.959441
2056	0.959441
2057	0.959441
2058	0.959441
2059	0.959441
2060	0.959441
2061	0.959441
2062	0.959441
2063	0.959441
2064	0.959441
2065	0.959441
2066	0.959441
2067	0.959441
2068	0.959441
2069	0.959441
2070	0.959441
2071	0.959441
2072	0.959441
2073	0.959441
2074	0.959441
2075	0.959441
2076	0.959441
2077	0.959441
2078	0.959441
2079	0.959441
2080	0.959441
2081	0.959441
2082	0.959441
2083	0.959441
2084	0.959441
2085	0.959441
2086	0.959441
2087	0.959441
2088	0.959441
2089	0.959441
2090	0.959441
2091	0.959441
2092	0.959441
2093	0.959441
2094	0.959441
2095	0.959441
2096	0.959441
2097	0.959441
2098	0.959441
2099	0.959441
2100	0.959441
2101	0.959441
2102	0.959441
2103	0.959441
2104	0.959441
2105	0.959441
2106	0.959441
2107	0.959441
2108	0.959441
2109	0.959441
2110	0.959441
2111	0.959441
2112	0.959441
2113	0.959441
2114	0.959441
2115	0.959441
2116	0.959441
2117	0.959441
2118	0.959441
2119	0.959441
2120	0.959441
2121	0.959441
2122	0.959441
2123	0.959441
2124	0.959441
2125	0.959441
2126	0.959441
2127	0.959441
2128	0.959441
2129	0.959441
2130	0.959441
2131	0.959441
2132	0.959441
2133	0.959441
2134	0.959441
2135	0.959441
2136	0.959441
2137	0.959441
2138	0.959441
2139	0.959441
2140	0.959441
2141	0.959441
2142	0.959441
2143	0.959441
2144	0.959441
2145	0.959441
2146	0.959441
2147	0.959441
2148	0.959441
2149	0.959441
2150	0.959441
2151	0.959441
2152	0.959441
2153	0.959441
2154	0.959441
2155	0.959441
2156	0.959441
2157	0.959441
2158	0.959441
2159	0.959441
2160	0.959441
2161	0.959441
2162	0.959441
2163	0.959441
2164	0.959441
2165	0.959441
2166	0.959441
2167	0.959441
2168	0.959441
2169	0.959441
2170	0.959441
2171	0.959441
2172	0.959441
2173	0.959441
2174	0.959441
2175	0.959441
2176	0.959441
2177	0.959441
2178	0.959441
2179	0.959441
2180	0.959441
2181	0.959441
2182	0.959441
2183	0.959441
2184	0.959441
2185	0.959441
2186	0.959441
2187	0.959441
2188	0.959441
2189	0.959441
2190	0.959441
2191	0.959441
2192	0.959441
2193	0.959441
2194	0.959441
2195	0.959441
2196	0.959441
2197	0.959441
2198	0.959441
2199	0.959441
2200	0.959441
2201	0.959441
2202	0.959441
2203	0.959441
2204	0.959441
2205	0.959441
2206	0.959441
2207	0.959441
2208	0.959441
2209	0.959441
2210	0.959441
2211	0.959441
2212	0.959441
2213	0.959441
2214	0.959441
2215	0.959441
2216	0.959441
2217	0.959441
2218	0.959441
2219	0.959441
2220	0.959441
2221	0.959441
2222	0.959441
2223	0.959441
2224	0.959441
2225	0.959441
2226	0.959441
2227	0.959441
2228	0.959441
2229	0.959441
2230	0.959441
2231	0.959441
2232	0.959441
2233	0.959441
2234	0.959441
2235	0.959441
2236	0.959441
2237	0.959441
2238	0.959441
2239	0.959441
2240	0.959441
2241	0.959441
2242	0.959441
2243	0.959441
2244	0.959441
2245	0.959441
2246	0.959441
2247	0.959441
2248	0.959441
2249	0.959441
2250	0.959441
2251	0.959441
2252	0.959441
2253	0.959441
2254	0.959441
2255	0.959441
2256	0.959441
2257	0.959441
2258	0.959441
2259	0.959441
2260	0.959441
2261	0.959441
2262	0.959441
2263	0.959441
2264	0.959441
2265	0.959441
2266	0.959441
2267	0.959441
2268	0.959441
2269	0.959441
2270	0.959441
2271	0.959441
2272	0.959441
2273	0.959441
2274	0.959441
2275	0.959441
2276	0.959441
2277	0.959441
2278	0.959441
2279	0.959441
2280	0.959441
2281	0.959441
2282	0.959441
2283	0.959441
2284	0.959441
2285	0.959441
2286	0.959441
2287	0.959441
2288	0.959441
2289	0.959441
2290	0.959441
2291	0.959441
2292	0.959441
2293	0.959441
2294	0.959441
2295	0.959441
2296	0.959441
2297	0.959441
2298	0.959441
2299	0.959441
2300	0.959441
2301	0.959441
2302	0.959441
2303	0.959441
2304	0.959441
2305	0.959441
2306	0.959441
2307	0.959441
2308	0.959441
2309	0.959441
2310	0.959441
2311	0.959441
2312	0.959441
2313	0.959441
2314	0.959441
2315	0.959441
2316	0.959441
2317	0.959441
2318	0.959441
2319	0.959441
2320	0.959441
2321	0.959441
2322	0.959441
2323	0.959441
2324	0.959441
2325	0.959441
2326	0.959441
2327	0.959441
2328	0.959441
2329	0.959441
2330	0.959441
2331	0.959441
2332	0.959441
2333	0.959441
2334	0.959441
2335	0.959441
2336	0.959441
2337	0.959441
2338	0.959441
2339	0.959441
2340	0.959441
2341	0.959441
2342	0.959441
2343	0.959441
2344	0.959441
2345	0.959441
2346	0.959441
2347	0.959441
2348	0.959441
2349	0.959441
2350	0.959441
2351	0.959441
2352	0.959441
2353	0.959441
2354	0.959441
2355	0.959441
2356	0.959441
2357	0.959441
2358	0.959441
2359	0.959441
2360	0.959441
2361	0.959441
2362	0.959441
2363	0.959441
2364	0.959441
2365	0.959441
2366	0.959441
2367	0.959441
2368	0.959441
2369	0.959441
2370	0.959441
2371	0.959441
2372	0.959441
2373	0.959441
2374	0.959441
2375	0.959441
2376	0.959441
2377	0.959441
2378	0.959441
2379	0.959441
2380	0.959441
2381	0.959441
2382	0.959441
2383	0.959441
2384	0.959441
2385	0.959441
2386	0.959441
2387	0.959441
2388	0.959441
2389	0.959441
2390	0.959441
2391	0.959441
2392	0.959441
2393	0.959441
2394	0.959441
2395	0.959441
2396	0.959441
2397	0.959441
2398	0.959441
2399	0.959441
2400	0.959441
2401	0.959441
2402	0.959441
2403	0.959441
2404	0.959441
2405	0.959441
2406	0.959441
2407	0.959441
2408	0.959441
2409	0.959441
2410	0.959441
2411	0.959441
2412	0.959441
2413	0.959441
2414	0.959441
2415	0.959441
2416	0.959441
2417	0.959441
2418	0.959441
2419	0.959441
2420	0.959441
2421	0.959441
2422	0.959441
2423	0.959441
2424	0.959441
2425	0.959441
2426	0.959441
2427	0.959441
2428	0.959441
2429	0.959441
2430	0.959441
2431	0.959441
2432	0.959441
2433	0.959441
2434	0.959441
2435	0.959441
2436	0.959441
2437	0.959441
2438	0.959441
2439	0.959441
2440	0.959441
2441	0.959441
2442	0.959441
2443	0.959441
2444	0.959441
2445	0.959441
2446	0.959441
2447	0.959441
2448	0.959441
2449	0.959441
2450	0.959441
2451	0.959441
2452	0.959441
2453	0.959441
2454	0.959441
2455	0.959441
2456	0.959441
2457	0.959441
2458	0.959441
2459	0.959441
2460	0.959441
2461	0.959441
2462	0.959441
2463	0.959441
2464	0.959441
2465	0.959441
2466	0.959441
2467	0.959441
2468	0.959441
2469	0.959441
2470	0.959441
2471	0.959441
2472	0.959441
2473	0.959441
2474	0.959441
2475	0.959441
2476	0.959441
2477	0.959441
2478	0.959441
2479	0.97926
2480	0.97926
2481	0.97926
2482	0.97926
2483	0.97926
2484	0.97926
2485	0.97926
2486	0.97926
2487	0.97926
2488	0.97926
2489	0.97926
2490	0.97926
2491	0.97926
2492	0.97926
2493	0.97926
2494	0.97926
2495	0.97926
2496	0.97926
2497	0.97926
2498	0.97926
2499	0.97926
2500	0.97926
2501	0.97926
2502	0.97926
2503	0.97926
2504	0.980642
2505	0.980642
2506	0.980642
2507	0.980642
2508	0.980642
2509	0.980642
2510	0.980642
2511	0.980642
2512	0.980642
2513	0.980642
2514	0.980642
2515	0.980642
2516	0.980642
2517	0.980642
2518	0.980642
2519	0.980642
2520	0.980642
2521	0.980642
2522	0.980642
2523	0.980642
2524	0.980642
2525	0.980642
2526	0.980642
2527	0.980642
2528	0.980642
2529	0.980642
2530	0.980642
2531	0.980642
2532	0.980642
2533	0.980642
2534	0.980642
2535	0.980642
2536	0.980642
2537	0.980642
2538	0.980642
2539	0.980642
2540	0.980642
2541	0.980642
2542	0.980642
2543	0.980642
2544	0.980642
2545	1
## No. organisms: 20
## Seeds        : 1477203109, 95008
## Runtime      : 0h 38m 16s.
## Started at   : Mon Nov 11 23:31:49 2019
## Ended at     : Tue Nov 12 00:10:05 2019
